desc: I1 cache:         32768 B, 64 B, 8-way associative
desc: D1 cache:         32768 B, 64 B, 8-way associative
desc: LL cache:         6291456 B, 64 B, 12-way associative
cmd: ./bin/cg.W
events: Ir I1mr ILmr Dr D1mr DLmr Dw D1mw DLmw 
fl=/build/glibc-ZN95T4/glibc-2.31/csu/../csu/libc-start.c
fn=(below main)
137 14 1 1 0 0 0 9 0 0
141 4 1 1 1 0 0 1 0 0
237 2 0 0 0 0 0 0 0 0
238 3 0 0 0 0 0 1 0 0
260 4 0 0 2 0 0 0 0 0
263 2 0 0 0 0 0 0 0 0
264 5 0 0 4 0 0 1 0 0
268 4 1 1 2 0 0 0 0 0
283 2 0 0 0 0 0 0 0 0
295 3 0 0 0 0 0 1 0 0
296 2 0 0 0 0 0 0 0 0
301 2 0 0 1 1 0 1 0 0
302 2 1 1 1 1 0 1 0 0
305 2 0 0 0 0 0 1 0 0
308 6 0 0 5 0 0 1 0 0
fl=/build/glibc-ZN95T4/glibc-2.31/csu/init-first.c
fn=_init
52 4 1 1 0 0 0 1 0 0
55 4 1 1 1 1 0 1 0 0
62 5 1 1 4 1 0 0 0 0
67 1 0 0 0 0 0 1 1 1
68 1 0 0 0 0 0 1 0 0
69 2 0 0 1 1 0 1 1 1
77 2 0 0 0 0 0 1 0 0
80 1 0 0 0 0 0 0 0 0
85 2 0 0 1 0 0 0 0 0
fl=/build/glibc-ZN95T4/glibc-2.31/ctype/ctype-info.c
fn=__ctype_init
29 1 1 1 0 0 0 0 0 0
31 7 1 1 5 3 0 1 0 0
33 4 0 0 2 1 0 1 0 0
35 4 0 0 2 1 0 1 0 0
36 1 0 0 1 0 0 0 0 0
fl=/build/glibc-ZN95T4/glibc-2.31/elf/../elf/dl-sysdep.c
fn=_dl_sysdep_start
89 9 1 1 0 0 0 6 1 1
90 2 1 1 1 1 1 0 0 0
91 1 0 0 0 0 0 0 0 0
113 1 0 0 0 0 0 1 0 0
114 243 1 1 79 10 10 4 3 3
117 2 0 0 0 0 0 1 0 0
118 1 1 1 0 0 0 1 0 0
120 137 5 5 36 4 4 19 1 1
121 108 0 0 17 3 3 0 0 0
124 1 1 1 1 0 0 0 0 0
127 1 0 0 1 0 0 0 0 0
130 1 1 1 1 0 0 0 0 0
131 1 0 0 0 0 0 0 0 0
133 1 1 1 1 1 1 0 0 0
134 1 0 0 0 0 0 0 0 0
154 1 1 1 1 0 0 0 0 0
155 1 0 0 0 0 0 0 0 0
157 1 0 0 1 0 0 0 0 0
158 1 0 0 0 0 0 0 0 0
160 2 1 1 1 1 1 1 0 0
161 1 0 0 0 0 0 1 0 0
166 2 1 1 1 0 0 1 0 0
167 1 0 0 0 0 0 1 0 0
182 2 0 0 1 0 0 1 0 0
183 2 0 0 0 0 0 1 0 0
223 1 0 0 0 0 0 1 1 1
234 3 0 0 1 0 0 0 0 0
235 2 0 0 0 0 0 2 0 0
237 5 1 1 0 0 0 1 0 0
249 3 0 0 1 0 0 0 0 0
252 5 0 0 1 0 0 1 0 0
253 1 1 0 1 1 0 0 0 0
254 8 0 0 7 1 0 0 0 0
fn=_dl_sysdep_start_cleanup
258 1 1 1 0 0 0 0 0 0
259 1 0 0 1 0 0 0 0 0
fl=/build/glibc-ZN95T4/glibc-2.31/elf/../elf/dl-tls.c
fn=_dl_add_to_slotinfo
887 8 1 1 0 0 0 4 0 0
893 1 0 0 1 0 0 0 0 0
896 1 0 0 1 1 0 0 0 0
897 1 0 0 0 0 0 0 0 0
901 3 0 0 1 1 0 0 0 0
942 2 1 1 0 0 0 0 0 0
944 1 0 0 0 0 0 1 0 0
945 5 0 0 1 1 0 1 0 0
947 6 0 0 5 0 0 0 0 0
fn=_dl_allocate_tls_init
437 9 1 1 0 0 0 7 0 0
438 2 0 0 0 0 0 0 0 0
442 2 0 0 1 1 0 1 0 0
444 2 0 0 0 0 0 0 0 0
445 1 0 0 0 0 0 0 0 0
448 3 0 0 2 1 0 0 0 0
460 1 0 0 1 0 0 0 0 0
465 8 1 1 2 0 0 0 0 0
471 6 1 1 0 0 0 0 0 0
474 3 0 0 1 0 0 0 0 0
475 2 0 0 0 0 0 0 0 0
481 3 0 0 2 0 0 0 0 0
482 2 1 1 0 0 0 0 0 0
484 6 0 0 3 1 0 1 0 0
487 2 0 0 0 0 0 0 0 0
488 2 0 0 1 0 0 0 0 0
491 2 0 0 0 0 0 0 0 0
492 4 1 1 2 0 0 0 0 0
494 2 0 0 0 0 0 0 0 0
495 2 0 0 1 0 0 0 0 0
504 1 0 0 0 0 0 1 0 0
507 9 0 0 2 0 0 2 0 0
521 2 0 0 1 0 0 1 0 0
524 9 0 0 8 0 0 0 0 0
fn=_dl_allocate_tls_storage
285 2 0 0 1 0 0 0 0 0
286 3 0 0 0 0 0 1 0 0
287 2 0 0 0 0 0 0 0 0
290 1 0 0 0 0 0 1 1 1
296 2 1 1 0 0 0 1 0 0
332 4 1 1 0 0 0 3 0 0
334 1 0 0 1 0 0 0 0 0
345 1 0 0 1 0 0 0 0 0
346 2 0 0 0 0 0 1 0 0
347 3 1 1 0 0 0 0 0 0
355 4 0 0 0 0 0 0 0 0
356 1 0 0 0 0 0 0 0 0
360 297 1 1 0 0 0 289 36 36
379 1 0 0 0 0 0 1 1 1
385 5 0 0 4 0 0 0 0 0
fn=_dl_count_modids
108 1 1 1 0 0 0 0 0 0
113 2 0 0 1 0 0 0 0 0
114 1 0 0 1 0 0 0 0 0
129 2 0 0 1 0 0 0 0 0
fn=_dl_determine_tlsoffset
135 6 1 1 0 0 0 5 0 0
136 2 0 0 0 0 0 0 0 0
137 1 0 0 0 0 0 0 0 0
138 1 1 1 0 0 0 0 0 0
141 3 0 0 1 0 0 0 0 0
144 2 0 0 1 0 0 0 0 0
178 1 0 0 0 0 0 0 0 0
180 10 0 0 2 0 0 0 0 0
182 3 1 1 1 0 0 0 0 0
184 3 0 0 1 0 0 0 0 0
185 2 1 1 1 0 0 0 0 0
187 2 0 0 0 0 0 0 0 0
189 5 0 0 1 0 0 0 0 0
201 6 1 1 0 0 0 0 0 0
205 8 0 0 0 0 0 0 0 0
207 2 0 0 0 0 0 0 0 0
208 2 0 0 0 0 0 0 0 0
217 1 0 0 0 0 0 1 0 0
221 3 1 1 0 0 0 1 0 0
272 1 0 0 0 0 0 1 0 0
273 6 0 0 6 0 0 0 0 0
fn=_dl_next_tls_modid
48 1 1 1 0 0 0 0 0 0
51 4 0 0 2 0 0 0 0 0
99 1 0 0 0 0 0 1 0 0
103 1 0 0 1 0 0 0 0 0
fl=/build/glibc-ZN95T4/glibc-2.31/elf/../include/scratch_buffer.h
fn=_dl_map_object_deps
77 3 0 0 0 0 0 2 1 1
78 1 1 1 0 0 0 1 0 0
85 3 1 1 2 0 0 0 0 0
131 9 0 0 0 0 0 3 0 0
fl=/build/glibc-ZN95T4/glibc-2.31/elf/../misc/sbrk.c
fn=sbrk
32 5 0 0 0 0 0 2 0 0
40 6 1 1 2 1 1 0 0 0
44 2 0 0 0 0 0 0 0 0
60 5 1 1 3 0 0 0 0 0
fl=/build/glibc-ZN95T4/glibc-2.31/elf/../sysdeps/generic/ldsodefs.h
fn=_dl_relocate_object
126 336 0 0 112 0 0 0 0 0
fn=do_lookup_x
126 288 0 0 96 0 0 0 0 0
fl=/build/glibc-ZN95T4/glibc-2.31/elf/../sysdeps/posix/dl-fileid.h
fn=_dl_map_object_from_fd
37 18 1 1 3 0 0 3 0 0
40 9 0 0 6 0 0 3 0 0
41 3 0 0 3 0 0 0 0 0
49 28 1 1 14 1 1 0 0 0
fl=/build/glibc-ZN95T4/glibc-2.31/elf/../sysdeps/unix/sysv/linux/dl-osinfo.h
fn=dl_main
64 2 1 1 1 0 0 0 0 0
77 1 0 0 1 0 0 0 0 0
fl=/build/glibc-ZN95T4/glibc-2.31/elf/../sysdeps/unix/sysv/linux/dl-sysdep.c
fn=_dl_discover_osversion
46 5 1 1 0 0 0 3 0 0
48 3 0 0 1 0 0 0 0 0
88 4 1 1 0 0 0 1 1 1
103 1 0 0 0 0 0 0 0 0
107 1 0 0 0 0 0 0 0 0
108 1 0 0 0 0 0 0 0 0
110 12 1 1 3 1 1 0 0 0
112 6 0 0 0 0 0 0 0 0
114 17 0 0 4 0 0 0 0 0
116 1 0 0 0 0 0 0 0 0
117 2 0 0 0 0 0 0 0 0
120 3 0 0 0 0 0 0 0 0
121 3 0 0 0 0 0 0 0 0
122 3 0 0 0 0 0 0 0 0
124 13 1 1 0 0 0 0 0 0
129 2 0 0 0 0 0 0 0 0
133 5 0 0 4 0 0 0 0 0
fn=_dl_sysdep_start
36 2 1 1 0 0 0 1 0 0
fl=/build/glibc-ZN95T4/glibc-2.31/elf/../sysdeps/unix/sysv/linux/dl-vdso-setup.h
fn=dl_main
30 5 2 2 0 0 0 3 0 0
33 1 0 0 0 0 0 1 0 0
36 1 0 0 0 0 0 1 0 0
39 1 0 0 0 0 0 1 0 0
45 1 1 1 0 0 0 1 0 0
fl=/build/glibc-ZN95T4/glibc-2.31/elf/../sysdeps/unix/sysv/linux/dl-vdso.h
fn=dl_main
40 1 1 1 1 0 0 0 0 0
41 2 1 1 0 0 0 0 0 0
55 2 0 0 0 0 0 0 0 0
fl=/build/glibc-ZN95T4/glibc-2.31/elf/../sysdeps/unix/sysv/linux/x86/cpu-features.c
fn=_dl_sysdep_start
28 6 0 0 0 0 0 0 0 0
fl=/build/glibc-ZN95T4/glibc-2.31/elf/../sysdeps/unix/sysv/linux/x86_64/brk.c
fn=brk
28 1 1 1 0 0 0 0 0 0
31 5 0 0 0 0 0 1 0 0
33 2 0 0 0 0 0 0 0 0
39 1 1 1 0 0 0 0 0 0
40 1 0 0 1 0 0 0 0 0
fl=/build/glibc-ZN95T4/glibc-2.31/elf/../sysdeps/x86/cpu-features.c
fn=_dl_sysdep_start
49 4 0 0 0 0 0 0 0 0
50 2 0 0 0 0 0 0 0 0
51 6 1 1 0 0 0 4 0 0
56 2 0 0 0 0 0 0 0 0
57 6 0 0 0 0 0 4 0 0
62 2 1 1 0 0 0 0 0 0
63 6 0 0 0 0 0 4 0 0
309 1 0 0 0 0 0 1 0 0
310 1 0 0 0 0 0 1 0 0
311 1 0 0 0 0 0 1 0 0
322 3 0 0 0 0 0 1 1 1
325 6 1 1 0 0 0 0 0 0
326 1 0 0 0 0 0 0 0 0
329 1 0 0 0 0 0 0 0 0
331 6 1 1 0 0 0 1 0 0
336 7 0 0 5 0 0 0 0 0
338 10 2 2 2 1 1 1 0 0
376 2 0 0 1 0 0 0 0 0
390 1 0 0 0 0 0 0 0 0
400 5 0 0 0 0 0 0 0 0
414 2 1 1 0 0 0 1 0 0
415 1 0 0 0 0 0 0 0 0
425 6 0 0 0 0 0 1 0 0
476 3 0 0 1 0 0 0 0 0
477 1 0 0 1 0 0 0 0 0
480 2 1 1 0 0 0 0 0 0
481 1 0 0 1 0 0 0 0 0
487 1 0 0 0 0 0 1 0 0
488 1 0 0 0 0 0 1 0 0
489 1 0 0 0 0 0 1 0 0
490 1 0 0 0 0 0 1 0 0
493 4 0 0 0 0 0 1 0 0
495 6 1 1 1 0 0 2 0 0
497 6 0 0 1 0 0 2 0 0
499 6 0 0 1 0 0 2 0 0
510 1 0 0 0 0 0 1 0 0
511 2 1 1 1 0 0 0 0 0
515 3 1 1 1 0 0 0 0 0
534 3 2 2 0 0 0 0 0 0
536 4 0 0 1 0 0 0 0 0
537 2 0 0 1 0 0 0 0 0
539 4 1 1 1 0 0 0 0 0
540 2 0 0 0 0 0 0 0 0
543 2 0 0 0 0 0 1 0 0
558 4 0 0 0 0 0 1 0 0
560 4 1 1 0 0 0 1 0 0
fn=get_common_indices.constprop.0
71 2 1 1 0 0 0 1 0 0
75 4 0 0 0 0 0 0 0 0
78 5 0 0 0 0 0 3 0 0
81 1 0 0 0 0 0 1 0 0
82 4 0 0 0 0 0 1 0 0
83 4 1 1 0 0 0 1 0 0
84 4 0 0 0 0 0 1 0 0
85 3 0 0 0 0 0 1 0 0
86 2 0 0 1 0 0 0 0 0
93 2 0 0 1 0 0 0 0 0
94 7 1 1 0 0 0 4 0 0
100 2 0 0 1 0 0 0 0 0
101 7 0 0 0 0 0 4 0 0
108 3 1 1 1 0 0 0 0 0
112 2 0 0 0 0 0 0 0 0
114 4 0 0 0 0 0 0 0 0
118 2 1 1 0 0 0 0 0 0
121 4 1 1 1 0 0 1 0 0
124 2 0 0 1 0 0 0 0 0
127 3 0 0 0 0 0 1 0 0
132 1 0 0 1 0 0 0 0 0
135 2 0 0 0 0 0 0 0 0
137 2 0 0 0 0 0 1 0 0
139 3 0 0 1 0 0 0 0 0
143 2 1 1 0 0 0 0 0 0
147 2 0 0 1 0 0 0 0 0
154 3 0 0 0 0 0 0 0 0
225 2 0 0 1 0 0 0 0 0
229 3 0 0 0 0 0 0 0 0
230 2 0 0 0 0 0 0 0 0
232 1 0 0 0 0 0 0 0 0
233 1 1 1 0 0 0 0 0 0
236 2 0 0 0 0 0 1 0 0
238 1 0 0 0 0 0 1 1 1
241 2 0 0 1 0 0 0 0 0
291 3 0 0 2 0 0 0 0 0
fl=/build/glibc-ZN95T4/glibc-2.31/elf/../sysdeps/x86/dl-cet.c
fn=_dl_cet_check
343 1 1 1 0 0 0 0 0 0
344 1 0 0 0 0 0 0 0 0
fn=dl_cet_check
97 7 1 1 0 0 0 6 0 0
99 2 0 0 0 0 0 0 0 0
100 1 1 1 1 0 0 0 0 0
102 1 0 0 0 0 0 0 0 0
103 1 0 0 0 0 0 0 0 0
106 4 0 0 0 0 0 0 0 0
107 2 0 0 0 0 0 0 0 0
112 1 0 0 1 0 0 0 0 0
117 2 0 0 0 0 0 0 0 0
326 8 1 1 7 0 0 0 0 0
fl=/build/glibc-ZN95T4/glibc-2.31/elf/../sysdeps/x86/dl-hwcap.h
fn=_dl_important_hwcaps
57 6 1 1 0 0 0 2 0 0
fl=/build/glibc-ZN95T4/glibc-2.31/elf/../sysdeps/x86/dl-procinfo.h
fn=_dl_load_cache_lookup
39 4 0 0 0 0 0 0 0 0
42 14 1 1 0 0 0 4 0 0
fl=/build/glibc-ZN95T4/glibc-2.31/elf/../sysdeps/x86/dl-prop.h
fn=_dl_process_pt_note
53 12 1 1 6 0 0 0 0 0
59 6 0 0 3 0 0 0 0 0
62 3 0 0 0 0 0 0 0 0
67 24 0 0 0 0 0 0 0 0
70 9 1 1 3 0 0 0 0 0
71 6 0 0 3 0 0 0 0 0
72 6 0 0 3 0 0 0 0 0
76 9 1 1 3 0 0 0 0 0
80 9 0 0 0 0 0 3 0 0
83 9 0 0 3 0 0 0 0 0
84 6 0 0 0 0 0 0 0 0
88 3 0 0 0 0 0 0 0 0
89 6 0 0 0 0 0 0 0 0
93 6 1 1 3 0 0 0 0 0
94 3 0 0 3 0 0 0 0 0
97 8 0 0 0 0 0 0 0 0
100 3 1 1 0 0 0 0 0 0
101 12 0 0 0 0 0 0 0 0
106 6 0 0 0 0 0 0 0 0
113 6 1 1 0 0 0 0 0 0
116 6 0 0 3 0 0 3 0 0
120 3 0 0 0 0 0 0 0 0
136 3 0 0 0 0 0 0 0 0
137 12 0 0 0 0 0 0 0 0
142 15 1 1 3 0 0 0 0 0
143 3 0 0 3 0 0 0 0 0
144 6 0 0 0 0 0 0 0 0
145 6 0 0 3 0 0 0 0 0
153 60 1 1 0 0 0 36 2 2
156 9 0 0 0 0 0 3 0 0
157 6 0 0 6 0 0 0 0 0
159 24 0 0 12 0 0 0 0 0
160 2 0 0 0 0 0 0 0 0
163 4 0 0 0 0 0 0 0 0
164 32 1 1 2 1 1 0 0 0
170 14 0 0 0 0 0 2 0 0
179 6 1 1 0 0 0 0 0 0
182 6 0 0 0 0 0 0 0 0
183 48 1 1 42 0 0 0 0 0
fn=dl_main
33 3 0 0 1 0 0 1 0 0
59 6 1 1 3 0 0 0 0 0
64 1 0 0 0 0 0 0 0 0
65 1 0 0 0 0 0 0 0 0
67 11 1 1 2 0 0 1 0 0
70 4 1 1 1 1 1 1 0 0
71 2 0 0 1 1 1 0 0 0
72 2 0 0 1 0 0 0 0 0
76 3 1 1 1 0 0 0 0 0
80 3 0 0 0 0 0 1 0 0
83 3 0 0 1 0 0 0 0 0
84 2 0 0 0 0 0 0 0 0
88 1 0 0 0 0 0 0 0 0
89 3 0 0 0 0 0 1 0 0
93 1 0 0 1 0 0 0 0 0
94 4 1 1 1 0 0 1 0 0
97 2 0 0 0 0 0 0 0 0
100 1 0 0 0 0 0 0 0 0
101 4 0 0 1 0 0 0 0 0
106 2 0 0 0 0 0 0 0 0
113 2 1 1 1 0 0 0 0 0
116 1 0 0 1 0 0 0 0 0
120 1 0 0 0 0 0 0 0 0
136 1 0 0 0 0 0 0 0 0
137 5 0 0 1 0 0 0 0 0
142 3 0 0 0 0 0 0 0 0
143 1 0 0 1 0 0 0 0 0
144 2 0 0 0 0 0 0 0 0
145 1 0 0 1 0 0 0 0 0
189 2 0 0 2 0 0 0 0 0
190 2 0 0 1 0 0 1 0 0
fl=/build/glibc-ZN95T4/glibc-2.31/elf/../sysdeps/x86_64/dl-machine.h
fn=_dl_relocate_object
76 20 0 0 5 0 0 0 0 0
82 6 0 0 6 2 0 0 0 0
86 9 0 0 3 3 2 0 0 0
92 3 0 0 0 0 0 3 0 0
100 9 0 0 3 0 0 0 0 0
120 6 1 1 3 1 0 0 0 0
122 6 1 1 0 0 0 3 0 0
124 12 1 1 3 0 0 0 0 0
131 12 0 0 3 2 1 0 0 0
276 258 0 0 0 0 0 0 0 0
297 258 1 1 0 0 0 0 0 0
301 258 0 0 0 0 0 0 0 0
308 5223 10 10 1019 98 76 771 4 0
309 1015 4 4 447 1 0 0 0 0
312 348 1 1 0 0 0 0 0 0
314 20 0 0 4 0 0 0 0 0
317 8 0 0 0 0 0 0 0 0
318 12 0 0 4 0 0 0 0 0
319 8 0 0 0 0 0 0 0 0
323 4 1 1 0 0 0 4 0 0
330 12 0 0 4 0 0 4 0 0
333 808 1 1 129 4 3 0 0 0
429 54 1 1 18 0 0 0 0 0
433 72 1 1 18 1 0 0 0 0
438 54 0 0 36 2 2 0 0 0
447 54 0 0 18 0 0 18 8 8
457 333 0 0 222 15 13 111 14 9
458 111 0 0 0 0 0 0 0 0
481 15 0 0 0 0 0 5 0 0
491 12 0 0 0 0 0 4 0 0
536 3660 0 0 1220 153 153 0 0 0
541 2440 0 0 0 0 0 0 0 0
542 3660 0 0 1220 152 152 1220 233 229
552 152 0 0 76 0 0 0 0 0
556 40 0 0 0 0 0 0 0 0
559 60 0 0 20 0 0 0 0 0
560 20 0 0 20 6 5 0 0 0
577 112 0 0 112 0 0 0 0 0
579 56 0 0 0 0 0 56 0 0
580 56 0 0 0 0 0 56 3 3
fn=_dl_start
59 3 0 0 1 1 1 0 0 0
301 27 0 0 0 0 0 0 0 0
309 90 1 1 36 8 8 0 0 0
312 18 0 0 0 0 0 0 0 0
333 63 0 0 0 0 0 0 0 0
353 18 1 1 9 2 2 9 2 2
354 9 0 0 0 0 0 0 0 0
421 1 0 0 0 0 0 0 0 0
541 84 0 0 42 5 5 0 0 0
542 126 1 1 42 5 5 42 25 25
fl=/build/glibc-ZN95T4/glibc-2.31/elf/./dl-load.h
fn=_dl_map_object_from_fd
90 24 0 0 0 0 0 0 0 0
91 9 0 0 6 0 0 3 0 0
93 24 1 1 12 0 0 0 0 0
94 10 1 1 6 0 0 0 0 0
95 12 1 1 4 0 0 0 0 0
96 8 0 0 2 0 0 0 0 0
98 8 0 0 0 0 0 2 0 0
fl=/build/glibc-ZN95T4/glibc-2.31/elf/./dl-map-segments.h
fn=_dl_map_object_from_fd
50 6 0 0 3 0 0 0 0 0
56 24 0 0 9 0 0 6 0 0
60 6 0 0 0 0 0 0 0 0
63 9 1 1 3 0 0 3 0 0
64 6 0 0 0 0 0 3 0 0
66 6 0 0 3 0 0 0 0 0
73 12 0 0 4 0 0 1 0 0
80 3 1 1 3 0 0 0 0 0
82 3 0 0 3 0 0 0 0 0
90 60 0 0 12 0 0 0 0 0
92 45 0 0 27 0 0 0 0 0
94 90 1 1 27 0 0 9 0 0
104 48 0 0 24 0 0 0 0 0
110 6 0 0 3 0 0 0 0 0
111 3 0 0 0 0 0 0 0 0
112 9 0 0 3 0 0 0 0 0
113 6 0 0 0 0 0 0 0 0
115 6 0 0 0 0 0 0 0 0
120 6 1 1 0 0 0 0 0 0
123 6 0 0 0 0 0 0 0 0
131 21 0 0 0 0 0 9 0 0
132 6 0 0 6 0 0 0 0 0
137 6 0 0 0 0 0 0 0 0
141 8 0 0 0 0 0 1 0 0
144 2 0 0 0 0 0 0 0 0
149 12 1 1 0 0 0 0 0 0
fl=/build/glibc-ZN95T4/glibc-2.31/elf/./setup-vdso.h
fn=dl_main
24 2 0 0 1 0 0 0 0 0
fl=/build/glibc-ZN95T4/glibc-2.31/elf/dl-cache.c
fn=_dl_cache_libcmp
141 16 1 1 0 0 0 0 0 0
142 218 0 0 32 14 14 0 0 0
144 356 0 0 0 0 0 0 0 0
146 8 0 0 0 0 0 0 0 0
152 12 0 0 0 0 0 0 0 0
153 12 0 0 0 0 0 0 0 0
154 16 1 1 4 0 0 0 0 0
156 16 0 0 4 0 0 0 0 0
158 8 0 0 0 0 0 0 0 0
164 170 0 0 0 0 0 0 0 0
166 170 0 0 0 0 0 0 0 0
167 24 0 0 12 0 0 0 0 0
170 73 0 0 0 0 0 0 0 0
171 219 1 1 146 1 1 0 0 0
174 12 0 0 4 0 0 0 0 0
fn=_dl_load_cache_lookup
187 20 2 2 0 0 0 12 0 0
195 4 0 0 2 0 0 0 0 0
198 6 0 0 2 0 0 0 0 0
201 5 1 1 0 0 0 1 1 1
209 5 0 0 1 0 0 0 0 0
210 8 1 1 3 1 1 0 0 0
213 1 0 0 0 0 0 1 0 0
214 2 0 0 0 0 0 1 0 0
246 3 0 0 1 0 0 0 0 0
252 10 1 1 2 0 0 2 0 0
261 2 0 0 0 0 0 0 0 0
263 2 0 0 2 0 0 0 0 0
267 12 1 1 2 0 0 4 0 0
275 12 0 0 6 0 0 4 0 0
276 6 0 0 2 0 0 0 0 0
290 336 6 6 70 13 13 26 0 0
302 14 2 2 4 0 0 0 0 0
306 4 1 1 2 0 0 0 0 0
310 4 0 0 0 0 0 0 0 0
318 38 2 2 2 0 0 2 0 0
319 8 0 0 0 0 0 2 0 0
320 2 1 1 0 0 0 2 0 0
321 16 0 0 14 0 0 0 0 0
fn=_dl_unload_cache
330 2 1 1 0 0 0 0 0 0
331 4 1 1 1 1 0 0 0 0
333 2 0 0 1 0 0 1 0 0
334 1 0 0 0 0 0 1 0 0
336 2 0 0 1 0 0 0 0 0
fl=/build/glibc-ZN95T4/glibc-2.31/elf/dl-debug.c
fn=_dl_debug_initialize
46 5 1 1 0 0 0 0 0 0
49 10 0 0 0 0 0 0 0 0
50 5 1 1 5 0 0 0 0 0
54 18 0 0 5 2 1 0 0 0
57 1 0 0 0 0 0 1 0 0
58 7 0 0 4 0 0 1 0 0
59 5 1 1 1 0 0 1 0 0
60 2 0 0 0 0 0 1 0 0
64 1 0 0 1 0 0 0 0 0
fn=_dl_debug_state
73 2 0 0 0 0 0 0 0 0
74 2 0 0 2 0 0 0 0 0
fl=/build/glibc-ZN95T4/glibc-2.31/elf/dl-deps.c
fn=_dl_map_object_deps
144 3 0 0 0 0 0 2 0 0
145 6 0 0 1 0 0 2 1 1
146 8 1 1 0 0 0 1 0 0
148 3 0 0 0 0 0 1 0 0
152 9 1 1 2 0 0 3 1 1
159 12 2 2 0 0 0 9 2 2
160 21 2 2 1 0 0 0 0 0
176 10 1 1 1 0 0 1 0 0
177 1 0 0 1 0 0 0 0 0
180 1 0 0 0 0 0 1 0 0
198 2 0 0 1 0 0 1 0 0
199 3 0 0 1 0 0 1 0 0
200 2 0 0 0 0 0 2 0 0
202 13 0 0 8 0 0 0 0 0
206 5 0 0 0 0 0 0 0 0
209 5 0 0 0 0 0 5 0 0
213 20 1 1 5 0 0 5 0 0
214 32 2 2 14 0 0 0 0 0
217 9 0 0 0 0 0 0 0 0
221 9 1 1 3 0 0 3 0 0
224 18 0 0 9 2 2 0 0 0
226 9 1 1 6 0 0 3 0 0
231 3 0 0 0 0 0 3 0 0
232 3 0 0 0 0 0 3 0 0
233 6 0 0 3 0 0 3 0 0
234 6 0 0 3 0 0 3 0 0
237 342 2 2 90 0 0 3 0 0
238 165 0 0 0 0 0 0 0 0
244 45 2 2 10 0 0 5 0 0
246 5 0 0 0 0 0 5 0 0
248 20 2 2 10 0 0 5 0 0
249 10 0 0 5 0 0 0 0 0
258 5 0 0 5 0 0 0 0 0
260 10 0 0 5 0 0 0 0 0
265 21 1 1 3 0 0 0 0 0
268 3 0 0 0 0 0 3 0 0
269 3 0 0 0 0 0 3 0 0
270 3 1 1 0 0 0 3 0 0
271 6 0 0 3 0 0 3 0 0
273 3 0 0 3 0 0 0 0 0
275 15 0 0 3 0 0 6 0 0
279 15 0 0 5 0 0 0 0 0
280 9 0 0 0 0 0 3 0 0
282 228 0 0 0 0 0 0 0 0
287 1 0 0 0 0 0 1 0 0
303 12 0 0 0 0 0 6 0 0
380 8 1 1 0 0 0 4 0 0
433 15 1 1 5 0 0 0 0 0
435 9 0 0 0 0 0 3 1 1
438 12 0 0 0 0 0 3 0 0
439 6 0 0 0 0 0 0 0 0
445 3 0 0 0 0 0 3 1 1
446 15 0 0 3 0 0 3 0 0
447 15 0 0 0 0 0 3 0 0
450 3 0 0 0 0 0 3 0 0
451 3 0 0 3 0 0 0 0 0
455 20 1 1 10 0 0 0 0 0
457 5 1 1 5 0 0 0 0 0
458 22 0 0 4 0 0 0 0 0
464 6 0 0 2 0 0 0 0 0
465 1 0 0 0 0 0 1 0 0
468 5 1 1 2 0 0 1 0 0
479 5 0 0 1 0 0 1 0 0
481 2 1 1 0 0 0 0 0 0
486 6 0 0 3 0 0 1 0 0
487 1 0 0 0 0 0 1 0 0
489 19 0 0 5 0 0 0 0 0
491 5 1 1 5 0 0 0 0 0
495 15 0 0 0 0 0 5 1 1
499 10 0 0 10 0 0 0 0 0
502 2 0 0 1 0 0 0 0 0
553 3 0 0 2 0 0 0 0 0
554 1 0 0 0 0 0 0 0 0
555 3 1 1 1 0 0 0 0 0
590 5 1 1 0 0 0 1 0 0
594 5 1 1 0 0 0 1 0 0
597 1 0 0 0 0 0 1 0 0
599 2 0 0 1 0 0 1 0 0
600 1 0 0 1 0 0 0 0 0
601 2 0 0 0 0 0 0 0 0
608 3 0 0 1 0 0 0 0 0
611 3 0 0 1 0 0 0 0 0
614 8 0 0 7 0 0 0 0 0
fn=openaux
61 15 1 1 0 0 0 5 0 0
64 55 0 0 20 0 0 10 0 0
65 5 0 0 5 0 0 0 0 0
68 5 0 0 5 0 0 0 0 0
69 10 0 0 10 0 0 0 0 0
fl=/build/glibc-ZN95T4/glibc-2.31/elf/dl-environ.c
fn=_dl_next_ld_env_entry
28 3 1 1 0 0 0 0 0 0
29 3 0 0 3 0 0 0 0 0
32 235 0 0 78 0 0 0 0 0
34 154 1 1 77 0 0 0 0 0
35 38 0 0 19 0 0 0 0 0
37 2 0 0 0 0 0 0 0 0
40 4 0 0 0 0 0 2 0 0
42 2 0 0 2 0 0 0 0 0
45 75 0 0 0 0 0 0 0 0
49 1 0 0 1 0 0 0 0 0
fl=/build/glibc-ZN95T4/glibc-2.31/elf/dl-error-skeleton.c
fn=_dl_catch_error
225 10 1 1 0 0 0 3 0 0
227 2 1 1 0 0 0 1 0 0
228 2 0 0 1 0 0 1 0 0
229 2 0 0 1 0 0 1 0 0
230 2 0 0 1 0 0 1 0 0
232 5 0 0 4 0 0 0 0 0
fn=_dl_catch_exception
175 48 2 2 6 0 0 30 3 3
178 12 0 0 0 0 0 0 0 0
199 6 0 0 0 0 0 6 0 0
200 12 0 0 0 0 0 6 0 0
203 12 0 0 0 0 0 6 0 0
206 42 1 1 0 0 0 6 0 0
208 18 0 0 12 0 0 6 0 0
209 12 0 0 6 0 0 6 0 0
210 24 0 0 6 0 0 12 0 0
219 24 1 1 12 0 0 0 0 0
fn=_dl_receive_error
238 6 0 0 0 0 0 2 0 0
239 1 1 1 1 0 0 0 0 0
240 1 0 0 1 0 0 0 0 0
243 1 0 0 0 0 0 1 0 0
244 1 0 0 0 0 0 1 0 0
246 1 0 0 0 0 0 1 0 0
248 1 0 0 0 0 0 1 0 0
249 1 0 0 0 0 0 1 0 0
250 4 0 0 3 0 0 0 0 0
fl=/build/glibc-ZN95T4/glibc-2.31/elf/dl-hwcaps.c
fn=_dl_important_hwcaps
42 14 1 1 0 0 0 10 1 1
43 8 1 1 1 0 0 3 0 0
45 2 0 0 1 0 0 1 0 0
46 3 1 1 0 0 0 0 0 0
55 17 1 1 0 0 0 0 0 0
56 8 0 0 2 0 0 2 1 1
57 1 0 0 0 0 0 0 0 0
65 3 0 0 1 0 0 0 0 0
148 19 2 2 1 0 0 0 0 0
149 1 0 0 0 0 0 0 0 0
185 12 2 2 1 0 0 0 0 0
186 10 0 0 2 0 0 2 1 1
188 1 0 0 0 0 0 1 1 1
189 2 0 0 0 0 0 2 0 0
190 13 0 0 1 0 0 1 0 0
193 3 1 1 1 0 0 0 0 0
195 1 0 0 0 0 0 1 0 0
196 2 0 0 1 0 0 1 0 0
197 4 0 0 0 0 0 0 0 0
200 2 1 1 0 0 0 1 0 0
201 1 0 0 0 0 0 1 0 0
204 2 0 0 0 0 0 0 0 0
207 5 0 0 1 0 0 1 0 0
211 7 1 1 1 0 0 2 0 0
212 2 0 0 0 0 0 0 0 0
214 2 0 0 0 0 0 0 0 0
215 8 1 1 0 0 0 0 0 0
216 3 1 1 1 0 0 0 0 0
217 4 1 1 0 0 0 0 0 0
224 2 1 1 0 0 0 0 0 0
230 11 1 1 1 0 0 5 1 1
231 5 0 0 0 0 0 1 0 0
232 5 0 0 2 0 0 0 0 0
263 10 1 1 0 0 0 3 1 1
266 4 0 0 0 0 0 2 0 0
273 3 0 0 2 0 0 0 0 0
276 2 0 0 0 0 0 0 0 0
279 12 0 0 4 0 0 4 0 0
282 11 0 0 3 0 0 0 0 0
283 21 2 2 1 0 0 4 0 0
284 7 0 0 2 0 0 2 0 0
287 10 1 1 2 0 0 4 0 0
289 6 0 0 2 0 0 0 0 0
294 28 1 1 2 0 0 0 0 0
295 24 0 0 0 0 0 8 1 1
299 21 0 0 0 0 0 0 0 0
302 24 0 0 0 0 0 0 0 0
303 96 1 1 0 0 0 0 0 0
304 48 0 0 24 0 0 12 0 0
306 9 0 0 0 0 0 0 0 0
309 3 0 0 1 0 0 0 0 0
310 2 0 0 0 0 0 0 0 0
311 19 2 2 2 0 0 0 0 0
313 6 0 0 0 0 0 0 0 0
314 2 0 0 2 0 0 0 0 0
316 1 0 0 1 0 0 0 0 0
317 4 0 0 0 0 0 2 0 0
324 18 1 1 6 0 0 4 0 0
325 4 0 0 0 0 0 0 0 0
327 8 0 0 0 0 0 0 0 0
330 3 0 0 2 0 0 1 0 0
333 9 1 1 7 0 0 0 0 0
fl=/build/glibc-ZN95T4/glibc-2.31/elf/dl-init.c
fn=_dl_init
30 29 3 3 6 0 0 5 0 0
79 12 1 1 0 0 0 6 0 0
80 1 0 0 1 1 0 0 0 0
81 1 0 0 1 0 0 0 0 0
84 3 1 1 1 0 0 0 0 0
87 2 0 0 0 0 0 1 0 0
92 2 0 0 0 0 0 0 0 0
117 1 0 0 1 0 0 0 0 0
118 20 0 0 0 0 0 0 0 0
119 10 0 0 10 1 0 0 0 0
125 8 0 0 7 0 0 0 0 0
fn=call_init.part.0
28 45 1 1 0 0 0 25 0 0
36 15 1 1 5 0 0 5 0 0
39 20 0 0 10 3 0 0 0 0
40 3 1 1 0 0 0 0 0 0
44 12 0 0 4 3 0 0 0 0
45 3 0 0 1 0 0 0 0 0
49 6 0 0 3 0 0 0 0 0
58 21 1 1 9 4 0 3 0 0
62 6 0 0 0 0 0 0 0 0
68 9 0 0 6 2 0 0 0 0
70 6 0 0 6 0 0 0 0 0
71 27 0 0 0 0 0 0 0 0
72 16 1 1 4 0 0 4 0 0
74 30 0 0 30 0 0 0 0 0
fl=/build/glibc-ZN95T4/glibc-2.31/elf/dl-load.c
fn=_dl_dst_count
231 30 1 1 0 0 0 25 1 1
234 10 0 0 0 0 0 5 0 0
237 10 0 0 0 0 0 0 0 0
238 5 0 0 0 0 0 0 0 0
257 35 1 1 30 0 0 0 0 0
fn=_dl_init_paths
681 10 1 1 0 0 0 7 0 0
694 6 1 1 2 0 0 2 0 0
698 1 0 0 0 0 0 1 0 0
699 2 0 0 0 0 0 1 0 0
700 2 0 0 0 0 0 0 0 0
707 5 0 0 0 0 0 0 0 0
708 4 1 1 1 0 0 1 0 0
711 6 0 0 0 0 0 2 0 0
713 2 0 0 0 0 0 0 0 0
719 1 1 1 0 0 0 1 0 0
720 1 0 0 0 0 0 1 0 0
728 11 1 1 0 0 0 3 0 0
730 8 1 1 0 0 0 4 2 2
731 4 0 0 0 0 0 4 1 1
733 5 0 0 0 0 0 4 0 0
734 7 0 0 3 1 1 4 1 1
735 7 1 1 0 0 0 0 0 0
738 6 0 0 3 1 1 0 0 0
739 24 0 0 4 0 0 4 0 0
742 26 0 0 6 0 0 6 0 0
748 1 0 0 0 0 0 1 0 0
749 1 0 0 0 0 0 1 0 0
753 1 0 0 1 0 0 0 0 0
754 2 0 0 0 0 0 0 0 0
756 4 1 1 1 0 0 0 0 0
758 3 0 0 1 0 0 0 0 0
775 1 1 1 0 0 0 1 0 0
777 3 1 1 1 0 0 0 0 0
791 2 1 1 0 0 0 1 0 0
796 5 0 0 2 0 0 0 0 0
798 24 2 2 2 0 0 2 0 0
802 2 0 0 0 0 0 0 0 0
803 61 1 1 15 0 0 0 0 0
804 56 0 0 0 0 0 0 0 0
807 1 1 1 0 0 0 1 0 0
808 2 0 0 0 0 0 1 0 0
809 2 0 0 0 0 0 0 0 0
815 6 0 0 0 0 0 1 0 0
818 3 0 0 2 0 0 0 0 0
824 1 0 0 0 0 0 1 0 0
828 8 0 0 7 0 0 0 0 0
fn=_dl_map_object
659 18 1 1 6 0 0 0 0 0
1927 60 1 1 0 0 0 48 4 4
1929 3 0 0 0 0 0 3 0 0
1935 12 1 1 0 0 0 0 0 0
1936 24 0 0 6 1 1 0 0 0
1939 93 0 0 21 0 0 0 0 0
1944 126 1 1 18 0 0 0 0 0
1946 90 0 0 0 0 0 18 0 0
1950 30 0 0 15 0 0 0 0 0
1951 45 1 1 15 0 0 0 0 0
1954 6 0 0 6 0 0 0 0 0
1955 12 0 0 12 0 0 0 0 0
1956 24 0 0 0 0 0 6 0 0
1972 18 1 1 3 0 0 3 2 2
1982 9 0 0 3 0 0 0 0 0
2016 3 0 0 0 0 0 3 0 0
2018 15 1 1 0 0 0 3 0 0
2022 8 2 2 0 0 0 4 0 0
2024 4 0 0 2 0 0 0 0 0
2031 8 0 0 2 0 0 0 0 0
2035 10 1 1 4 0 0 6 0 0
2040 6 1 1 2 0 0 0 0 0
2041 2 0 0 0 0 0 0 0 0
2043 8 0 0 0 0 0 2 0 0
2055 8 2 2 6 0 0 0 0 0
2056 16 0 0 4 0 0 2 0 0
2057 2 0 0 0 0 0 0 0 0
2066 4 1 1 2 0 0 0 0 0
2067 30 1 1 2 0 0 8 0 0
2073 10 0 0 0 0 0 0 0 0
2074 2 1 1 0 0 0 0 0 0
2082 2 1 1 0 0 0 2 1 1
2096 4 0 0 0 0 0 0 0 0
2098 6 1 1 2 0 0 0 0 0
2102 6 0 0 0 0 0 2 0 0
2104 4 0 0 0 0 0 0 0 0
2108 4 0 0 0 0 0 0 0 0
2116 6 0 0 2 0 0 0 0 0
2139 14 1 1 0 0 0 4 0 0
2143 6 0 0 2 0 0 0 0 0
2144 4 0 0 0 0 0 2 0 0
2161 4 1 1 2 0 0 0 0 0
2167 1 0 0 0 0 0 1 0 0
2168 4 0 0 0 0 0 1 0 0
2169 2 0 0 0 0 0 0 0 0
2170 3 0 0 0 0 0 0 0 0
2174 5 1 1 0 0 0 1 0 0
2177 2 0 0 0 0 0 0 0 0
2189 12 0 0 3 0 0 0 0 0
2191 8 0 0 0 0 0 0 0 0
2235 6 0 0 3 0 0 3 0 0
2236 45 1 1 9 0 0 15 0 0
2238 54 0 0 42 0 0 0 0 0
fn=_dl_map_object_from_fd
866 42 1 1 0 0 0 33 2 2
876 12 1 1 3 0 0 6 1 1
877 3 0 0 0 0 0 3 0 0
883 12 0 0 3 0 0 3 0 0
901 48 1 1 15 0 0 0 0 0
902 18 1 1 9 0 0 0 0 0
920 6 1 1 3 0 0 0 0 0
944 12 1 1 3 0 0 3 0 0
954 6 0 0 3 0 0 0 0 0
961 12 0 0 6 0 0 0 0 0
994 6 0 0 0 0 0 0 0 0
997 24 1 1 15 0 0 3 0 0
998 6 0 0 0 0 0 0 0 0
1009 9 0 0 6 0 0 3 2 2
1010 12 0 0 6 0 0 6 0 0
1011 6 0 0 3 0 0 3 0 0
1013 9 0 0 0 0 0 0 0 0
1014 12 0 0 6 0 0 0 0 0
1015 3 1 1 0 0 0 0 0 0
1018 17 3 3 1 0 0 0 0 0
1019 6 0 0 1 0 0 1 1 1
1030 6 0 0 0 0 0 3 0 0
1032 3 1 1 0 0 0 3 0 0
1034 63 1 1 6 0 0 6 0 0
1035 3 0 0 0 0 0 0 0 0
1036 3 0 0 0 0 0 3 0 0
1042 231 1 1 0 0 0 0 0 0
1043 318 2 2 60 5 5 0 0 0
1049 6 2 1 3 0 0 0 0 0
1054 6 0 0 3 0 0 3 0 0
1055 12 0 0 3 0 0 3 0 0
1060 2 0 0 1 1 1 1 0 0
1061 1 0 0 0 0 0 0 0 0
1066 60 2 2 24 0 0 0 0 0
1071 84 0 0 24 0 0 0 0 0
1079 36 0 0 0 0 0 0 0 0
1080 72 0 0 12 0 0 12 4 4
1081 120 1 1 24 0 0 12 0 0
1082 24 0 0 12 0 0 12 2 2
1084 24 0 0 0 0 0 12 2 2
1088 24 1 1 0 0 0 0 0 0
1089 54 0 0 27 0 0 9 0 0
1093 24 0 0 0 0 0 0 0 0
1094 96 1 1 24 0 0 12 0 0
1107 3 0 0 1 0 0 0 0 0
1111 1 0 0 0 0 0 1 1 1
1112 2 1 1 1 0 0 1 0 0
1113 1 0 0 1 0 0 0 0 0
1116 5 0 0 0 0 0 1 0 0
1117 2 0 0 1 0 0 1 0 0
1120 1 0 0 0 0 0 1 0 0
1125 4 1 1 1 0 0 0 0 0
1132 12 0 0 3 0 0 3 0 0
1140 6 1 1 3 0 0 3 0 0
1141 3 0 0 0 0 0 0 0 0
1144 12 0 0 6 0 0 3 1 1
1146 3 0 0 0 0 0 0 0 0
1149 54 1 1 18 0 0 6 0 0
1157 6 0 0 0 0 0 0 0 0
1170 6 1 1 0 0 0 0 0 0
1180 27 1 1 12 0 0 3 0 0
1192 12 1 1 6 0 0 0 0 0
1201 9 0 0 3 0 0 3 0 0
1208 6 0 0 0 0 0 0 0 0
1210 6 0 0 0 0 0 0 0 0
1229 9 1 1 3 0 0 0 0 0
1248 6 0 0 3 0 0 3 0 0
1250 15 0 0 6 0 0 0 0 0
1298 9 1 1 3 2 2 0 0 0
1299 2 0 0 1 0 0 1 0 0
1302 12 0 0 3 0 0 3 0 0
1311 6 0 0 3 0 0 0 0 0
1313 12 1 1 6 0 0 3 0 0
1315 6 0 0 3 0 0 0 0 0
1331 6 0 0 0 0 0 3 0 0
1335 6 0 0 3 0 0 0 0 0
1336 6 0 0 3 0 0 0 0 0
1353 6 1 1 3 0 0 0 0 0
1354 2 0 0 0 0 0 1 0 0
1357 6 0 0 3 0 0 3 0 0
1362 6 0 0 3 0 0 0 0 0
1372 6 1 1 3 0 0 0 0 0
1381 6 0 0 3 0 0 0 0 0
1382 4 0 0 1 0 0 0 0 0
1387 2 0 0 0 0 0 2 0 0
1394 9 0 0 3 0 0 3 0 0
1398 9 1 1 3 0 0 0 0 0
1417 27 1 1 21 0 0 0 0 0
fn=expand_dynamic_string_token
234 6 0 0 0 0 0 2 0 0
237 4 0 0 0 0 0 0 0 0
378 18 1 1 0 0 0 12 0 0
392 4 0 0 0 0 0 0 0 0
403 14 1 1 12 0 0 0 0 0
fn=fillin_rpath
447 16 2 2 0 0 0 12 0 0
449 1 0 0 0 0 0 0 0 0
451 12 1 1 4 0 0 2 0 0
458 2 0 0 1 0 0 0 0 0
460 4 0 0 1 0 0 1 0 0
464 2 0 0 0 0 0 0 0 0
469 3 0 0 0 0 0 1 0 0
470 2 0 0 0 0 0 0 0 0
477 5 1 1 1 0 0 0 0 0
482 4 1 1 0 0 0 2 0 0
486 17 0 0 5 0 0 0 0 0
487 8 1 1 4 0 0 0 0 0
505 4 1 1 1 0 0 1 0 0
509 8 1 1 2 0 0 3 0 0
511 3 1 1 1 0 0 0 0 0
515 2 0 0 0 0 0 2 1 1
516 1 0 0 0 0 0 0 0 0
517 4 0 0 0 0 0 2 0 0
518 2 0 0 1 0 0 1 0 0
520 2 0 0 1 0 0 0 0 0
526 4 1 1 1 0 0 0 0 0
527 18 1 1 0 0 0 0 0 0
528 8 0 0 0 0 0 2 0 0
530 2 1 1 1 0 0 1 0 0
531 2 0 0 1 0 0 0 0 0
536 2 1 1 0 0 0 1 0 0
538 1 0 0 0 0 0 1 0 0
539 1 0 0 0 0 0 1 0 0
542 3 0 0 0 0 0 1 0 0
544 3 0 0 1 0 0 1 0 0
548 1 0 0 0 0 0 1 0 0
551 9 0 0 7 0 0 0 0 0
fn=open_path
1443 4 1 1 0 0 0 2 0 0
1779 28 1 1 2 0 0 22 3 3
1780 4 1 1 2 0 0 2 0 0
1783 2 0 0 0 0 0 2 0 0
1784 2 0 0 0 0 0 2 0 0
1786 4 0 0 0 0 0 0 0 0
1791 44 2 2 6 0 0 0 0 0
1794 4 0 0 4 0 0 0 0 0
1798 2 0 0 0 0 0 2 0 0
1803 12 0 0 2 0 0 2 0 0
1810 10 1 1 4 0 0 2 1 1
1811 90 1 1 11 0 0 0 0 0
1814 32 0 0 16 0 0 0 0 0
1818 99 1 1 45 0 0 18 0 0
1821 18 0 0 0 0 0 9 0 0
1824 27 0 0 9 0 0 0 0 0
1827 63 1 1 27 0 0 9 0 0
1829 27 0 0 9 0 0 0 0 0
1831 16 0 0 0 0 0 0 0 0
1836 16 1 1 0 0 0 0 0 0
1837 56 0 0 24 0 0 0 0 0
1843 48 3 3 18 0 0 10 0 0
1845 56 0 0 8 0 0 8 0 0
1846 2 0 0 1 1 1 0 0 0
1848 32 1 1 1 0 0 9 0 0
1855 4 0 0 1 0 0 0 0 0
1857 2 0 0 0 0 0 0 0 0
1865 4 0 0 0 0 0 2 0 0
1893 2 1 1 0 0 0 0 0 0
1896 16 1 1 4 0 0 0 0 0
1901 4 0 0 4 0 0 0 0 0
1903 8 0 0 6 0 0 0 0 0
1906 6 1 1 2 0 0 0 0 0
1920 18 0 0 14 0 0 0 0 0
fn=open_verify.constprop.0
1466 121 1 1 0 0 0 66 1 1
1505 33 0 0 11 0 0 0 0 0
1518 9 1 1 0 0 0 0 0 0
1536 55 0 0 0 0 0 11 1 1
1538 22 1 1 0 0 0 0 0 0
1543 4 0 0 0 0 0 0 0 0
1549 6 0 0 0 0 0 2 0 0
1550 4 0 0 0 0 0 4 0 0
1555 12 0 0 2 0 0 2 0 0
1557 4 1 1 0 0 0 0 0 0
1559 6 0 0 2 0 0 2 0 0
1561 4 0 0 0 0 0 0 0 0
1567 4 0 0 0 0 0 0 0 0
1583 38 3 3 18 0 0 0 0 0
1657 4 0 0 2 0 0 0 0 0
1662 4 0 0 2 0 0 0 0 0
1664 8 1 1 2 0 0 0 0 0
1670 4 0 0 2 1 1 0 0 0
1676 10 0 0 2 0 0 0 0 0
1677 8 1 1 2 0 0 0 0 0
1678 2 0 0 1 0 0 0 0 0
1681 16 1 1 1 0 0 0 0 0
1682 13 0 0 2 0 0 2 0 0
1698 92 0 0 0 0 0 0 0 0
1699 44 1 1 20 7 7 0 0 0
1700 16 0 0 4 0 0 0 0 0
1704 16 0 0 8 0 0 0 0 0
1705 6 1 1 2 0 0 0 0 0
1710 4 0 0 0 0 0 0 0 0
1711 32 1 1 2 0 0 0 0 0
1721 28 1 1 6 0 0 8 1 1
1729 36 1 1 24 2 2 0 0 0
1731 4 0 0 0 0 0 0 0 0
1732 36 1 1 12 0 0 0 0 0
1735 12 0 0 0 0 0 0 0 0
1740 2 0 0 0 0 0 0 0 0
1741 8 1 1 2 0 0 0 0 0
1744 4 0 0 0 0 0 0 0 0
1747 4 0 0 2 0 0 0 0 0
1748 8 1 1 2 0 0 0 0 0
1749 2 0 0 2 0 0 0 0 0
1750 6 0 0 2 0 0 0 0 0
1751 6 0 0 2 0 0 0 0 0
1761 6 0 0 0 0 0 2 0 0
1765 99 0 0 77 0 0 0 0 0
fn=open_verify.constprop.1
1466 11 1 1 0 0 0 6 0 0
1536 4 0 0 0 0 0 1 1 1
1538 2 0 0 0 0 0 0 0 0
1543 2 0 0 0 0 0 0 0 0
1549 3 1 1 0 0 0 1 0 0
1550 2 0 0 0 0 0 2 1 1
1555 6 0 0 1 0 0 1 0 0
1557 2 0 0 0 0 0 0 0 0
1559 3 0 0 1 0 0 1 0 0
1561 2 0 0 0 0 0 0 0 0
1567 2 1 1 0 0 0 0 0 0
1583 16 2 2 8 0 0 0 0 0
1657 2 0 0 1 0 0 0 0 0
1662 2 0 0 1 0 0 0 0 0
1664 4 0 0 1 0 0 0 0 0
1670 2 0 0 1 0 0 0 0 0
1676 5 0 0 1 1 1 0 0 0
1677 4 1 1 1 0 0 0 0 0
1678 2 0 0 1 0 0 0 0 0
1698 70 0 0 0 0 0 0 0 0
1699 28 1 1 13 7 7 0 0 0
1700 8 0 0 2 1 1 0 0 0
1704 8 1 1 4 0 0 0 0 0
1705 6 1 1 2 0 0 0 0 0
1721 4 1 1 0 0 0 0 0 0
1729 12 0 0 8 2 2 0 0 0
1731 2 0 0 0 0 0 0 0 0
1732 18 1 1 6 0 0 0 0 0
1735 6 0 0 0 0 0 0 0 0
1741 4 1 1 2 0 0 0 0 0
1761 2 0 0 0 0 0 1 0 0
1765 9 0 0 7 0 0 0 0 0
fl=/build/glibc-ZN95T4/glibc-2.31/elf/dl-lookup.c
fn=_dl_lookup_symbol_x
581 218 0 0 0 0 0 0 0 0
582 6545 0 0 1609 94 89 0 0 0
583 6000 0 0 0 0 0 0 0 0
841 1526 2 2 0 0 0 1090 2 0
843 218 0 0 0 0 0 109 1 1
844 218 1 1 0 0 0 109 0 0
847 109 0 0 109 1 0 0 0 0
851 408 0 0 204 0 0 0 0 0
853 654 0 0 109 0 0 109 0 0
854 545 0 0 436 3 0 0 0 0
860 296 1 1 26 0 0 0 0 0
861 1840 1 1 641 0 0 763 1 0
866 218 1 1 109 0 0 0 0 0
868 78 2 2 13 0 0 0 0 0
885 13 1 1 0 0 0 13 0 0
886 26 0 0 0 0 0 0 0 0
890 768 0 0 192 0 0 0 0 0
930 384 0 0 96 0 0 0 0 0
944 288 0 0 96 2 1 0 0 0
945 2 1 1 0 0 0 1 0 0
947 384 1 1 192 0 0 0 0 0
952 96 0 0 0 0 0 96 0 0
954 981 0 0 763 0 0 0 0 0
fn=_dl_setup_hash
961 5 1 1 0 0 0 0 0 0
964 15 0 0 5 0 0 0 0 0
966 5 0 0 5 0 0 0 0 0
968 10 0 0 5 5 5 5 1 1
969 5 1 1 5 0 0 0 0 0
970 5 0 0 5 0 0 0 0 0
972 15 0 0 0 0 0 0 0 0
973 5 0 0 0 0 0 5 0 0
974 15 0 0 5 0 0 5 0 0
976 5 0 0 0 0 0 5 0 0
977 10 0 0 0 0 0 0 0 0
979 5 0 0 0 0 0 5 0 0
981 15 1 1 0 0 0 5 0 0
986 5 0 0 5 0 0 0 0 0
fn=check_match
75 1287 2 2 297 25 21 495 1 1
78 594 0 0 99 10 10 0 0 0
91 576 1 1 0 0 0 0 0 0
94 366 0 0 58 0 0 29 0 0
98 96 0 0 96 0 0 0 0 0
99 192 0 0 0 0 0 0 0 0
101 190 0 0 0 0 0 0 0 0
120 190 0 0 190 16 8 0 0 0
121 760 1 1 285 4 0 0 0 0
122 475 1 1 190 1 0 95 0 0
149 2 0 0 0 0 0 0 0 0
151 6 1 1 2 0 0 0 0 0
152 4 0 0 0 0 0 0 0 0
160 102 0 0 0 0 0 0 0 0
167 594 0 0 594 0 0 0 0 0
fn=do_lookup_x
294 672 1 1 480 0 0 0 0 0
325 42 1 1 35 0 0 0 0 0
368 1526 1 1 218 0 0 1090 3 2
369 109 0 0 109 1 0 0 0 0
375 109 0 0 109 0 0 0 0 0
379 900 1 1 900 6 0 0 0 0
382 900 0 0 0 0 0 0 0 0
386 1227 0 0 109 0 0 109 0 0
390 900 0 0 450 5 0 0 0 0
394 900 0 0 450 1 0 0 0 0
400 1350 0 0 450 2 0 0 0 0
404 450 1 1 0 0 0 450 0 0
405 450 0 0 0 0 0 450 0 0
408 1350 0 0 900 10 0 450 0 0
409 1350 0 0 900 2 0 450 0 0
412 450 0 0 450 0 0 0 0 0
413 900 0 0 0 0 0 0 0 0
415 450 0 0 450 60 47 0 0 0
416 218 0 0 0 0 0 109 0 0
417 900 0 0 900 0 0 0 0 0
420 2250 0 0 900 0 0 0 0 0
423 3150 0 0 0 0 0 0 0 0
426 210 1 1 210 56 52 0 0 0
427 315 1 1 0 0 0 0 0 0
428 210 0 0 0 0 0 0 0 0
430 206 0 0 103 0 0 0 0 0
433 1005 0 0 201 80 74 0 0 0
435 297 1 1 99 0 0 0 0 0
436 2721 2 2 804 0 0 1212 1 1
437 198 0 0 0 0 0 0 0 0
440 303 0 0 3 0 0 0 0 0
443 315 0 0 0 0 0 0 0 0
451 545 1 1 0 0 0 109 0 0
474 14 2 2 7 0 0 0 0 0
482 192 1 1 96 0 0 0 0 0
533 192 0 0 0 0 0 0 0 0
536 716 0 0 96 0 0 0 0 0
540 39 1 1 13 1 0 0 0 0
552 480 0 0 96 0 0 96 0 0
554 192 0 0 0 0 0 0 0 0
571 1062 0 0 0 0 0 0 0 0
574 13 0 0 0 0 0 0 0 0
575 872 0 0 763 0 0 0 0 0
fl=/build/glibc-ZN95T4/glibc-2.31/elf/dl-minimal.c
fn=calloc
92 20 1 1 0 0 0 0 0 0
96 10 0 0 0 0 0 0 0 0
99 20 0 0 0 0 0 0 0 0
100 30 0 0 0 0 0 0 0 0
103 10 1 1 0 0 0 0 0 0
fn=free
109 4 0 0 0 0 0 0 0 0
111 16 0 0 8 0 0 0 0 0
fn=malloc
49 135 1 1 0 0 0 54 1 1
50 108 0 0 54 0 0 0 0 0
55 3 0 0 0 0 0 1 0 0
56 2 1 1 1 0 0 0 0 0
57 2 0 0 0 0 0 0 0 0
61 81 0 0 0 0 0 27 0 0
64 181 1 1 0 0 0 0 0 0
69 8 0 0 2 0 0 0 0 0
70 4 0 0 0 0 0 0 0 0
72 2 1 1 0 0 0 0 0 0
73 16 0 0 0 0 0 2 0 0
75 4 0 0 0 0 0 0 0 0
77 4 0 0 2 0 0 0 0 0
79 8 1 0 0 0 0 2 0 0
82 27 0 0 0 0 0 27 0 0
83 27 0 0 0 0 0 27 0 0
85 108 0 0 81 0 0 0 0 0
fn=strsep
262 2 1 1 0 0 0 0 0 0
265 4 0 0 2 1 1 0 0 0
267 2 0 0 2 0 0 0 0 0
268 4 1 1 0 0 0 0 0 0
272 77 1 1 15 0 0 0 0 0
277 56 0 0 28 0 0 0 0 0
279 84 0 0 28 0 0 0 0 0
287 14 0 0 0 0 0 0 0 0
290 1 0 0 0 0 0 1 0 0
294 4 0 0 2 0 0 0 0 0
fl=/build/glibc-ZN95T4/glibc-2.31/elf/dl-misc.c
fn=_dl_name_match_p
282 234 1 1 0 0 0 78 0 0
283 195 0 0 39 0 0 39 1 1
284 47 0 0 0 0 0 0 0 0
286 39 0 0 39 0 0 0 0 0
288 156 0 0 0 0 0 0 0 0
289 235 1 1 47 0 0 47 0 0
292 39 0 0 39 0 0 0 0 0
294 31 0 0 0 0 0 0 0 0
295 156 0 0 117 0 0 0 0 0
fn=_dl_sysdep_read_whole_file
44 9 2 2 0 0 0 4 0 0
47 3 0 0 0 0 0 1 0 0
48 2 0 0 0 0 0 0 0 0
50 7 0 0 0 0 0 1 0 0
52 2 0 0 1 0 0 1 0 0
55 2 1 1 0 0 0 0 0 0
57 8 0 0 0 0 0 1 0 0
68 3 0 0 0 0 0 1 0 0
71 7 0 0 5 0 0 0 0 0
fl=/build/glibc-ZN95T4/glibc-2.31/elf/dl-object.c
fn=_dl_add_to_namespace_list
31 24 1 1 0 0 0 12 0 0
33 12 1 1 4 0 0 4 0 0
35 27 0 0 4 0 0 0 0 0
38 36 0 0 9 0 0 0 0 0
40 3 0 0 0 0 0 3 0 0
42 3 0 0 0 0 0 3 0 0
45 2 1 1 0 0 0 1 0 0
46 12 0 0 4 0 0 0 0 0
47 8 0 0 4 0 0 4 0 0
48 8 0 0 0 0 0 4 0 0
50 8 0 0 4 0 0 0 0 0
51 12 0 0 12 0 0 0 0 0
fn=_dl_new_object
59 52 1 1 0 0 0 36 3 3
62 12 0 0 0 0 0 4 0 0
64 2 1 1 0 0 0 0 0 0
65 6 0 0 0 0 0 0 0 0
69 2 0 0 0 0 0 0 0 0
74 1 0 0 0 0 0 0 0 0
77 27 0 0 3 0 0 3 0 0
89 20 1 1 0 0 0 12 0 0
92 8 0 0 0 0 0 0 0 0
95 4 0 0 0 0 0 4 4 4
96 12 1 1 4 0 0 4 4 4
100 8 0 0 0 0 0 4 1 1
101 32 0 0 8 0 0 12 2 2
103 4 0 0 0 0 0 4 0 0
116 26 1 1 12 0 0 0 0 0
122 1 0 0 0 0 0 0 0 0
124 28 1 1 8 4 4 8 0 0
127 8 0 0 4 0 0 0 0 0
128 8 1 1 0 0 0 4 4 4
129 4 0 0 0 0 0 4 0 0
133 4 0 0 0 0 0 4 0 0
136 70 3 2 3 0 0 0 0 0
138 16 0 0 0 0 0 16 4 4
146 8 0 0 0 0 0 4 1 1
147 4 0 0 0 0 0 4 4 4
150 1 1 1 0 0 0 0 0 0
152 24 1 1 4 0 0 0 0 0
154 12 0 0 0 0 0 3 1 1
157 10 0 0 0 0 0 0 0 0
161 12 0 0 3 0 0 0 0 0
165 15 0 0 0 0 0 0 0 0
167 1 1 1 0 0 0 0 0 0
173 1 0 0 0 0 0 1 1 1
176 8 0 0 0 0 0 4 0 0
186 12 0 0 0 0 0 4 0 0
188 15 1 1 3 0 0 6 0 0
192 12 0 0 3 0 0 0 0 0
196 9 0 0 0 0 0 3 0 0
197 12 0 0 0 0 0 0 0 0
205 3 0 0 0 0 0 0 0 0
209 3 0 0 0 0 0 0 0 0
242 12 1 1 6 0 0 3 0 0
247 106 0 0 0 0 0 0 0 0
248 106 0 0 53 0 0 0 0 0
250 6 0 0 0 0 0 0 0 0
253 3 0 0 0 0 0 3 0 0
256 3 0 0 0 0 0 3 1 1
260 36 0 0 28 0 0 0 0 0
fl=/build/glibc-ZN95T4/glibc-2.31/elf/dl-reloc.c
fn=_dl_relocate_object
148 65 1 1 0 0 0 40 0 0
158 8 0 0 0 0 0 0 0 0
159 15 1 1 0 0 0 10 0 0
163 10 1 1 0 0 0 0 0 0
164 25 0 0 5 1 0 5 0 0
170 10 0 0 5 0 0 0 0 0
176 25 1 1 10 0 0 0 0 0
177 10 1 1 5 4 0 0 0 0
180 11 0 0 0 0 0 0 0 0
187 20 0 0 5 1 0 5 0 0
227 15 1 1 10 0 0 5 0 0
255 250 4 4 105 17 0 38 0 0
258 20 1 1 5 0 0 0 0 0
282 5 0 0 5 0 0 0 0 0
285 10 0 0 5 0 0 0 0 0
302 15 0 0 5 3 0 0 0 0
304 40 0 0 35 1 0 0 0 0
310 30 1 1 15 1 0 0 0 0
313 10 0 0 0 0 0 0 0 0
317 10 1 1 0 0 0 0 0 0
318 30 0 0 0 0 0 5 0 0
fl=/build/glibc-ZN95T4/glibc-2.31/elf/dl-sort-maps.c
fn=_dl_sort_maps
28 13 1 1 0 0 0 10 0 0
30 2 0 0 0 0 0 0 0 0
33 4 1 1 0 0 0 1 0 0
34 20 2 2 1 0 0 1 0 0
35 13 0 0 2 0 0 4 0 0
39 24 0 0 8 0 0 8 0 0
40 12 0 0 8 0 0 0 0 0
42 8 0 0 4 0 0 0 0 0
54 41 1 1 13 0 0 0 0 0
56 18 0 0 12 0 0 0 0 0
57 12 0 0 0 0 0 0 0 0
59 30 1 1 10 0 0 0 0 0
60 21 1 1 0 0 0 0 0 0
90 12 0 0 0 0 0 0 0 0
115 21 0 0 7 0 0 0 0 0
118 27 2 2 3 0 0 3 0 0
122 8 0 0 7 0 0 0 0 0
fl=/build/glibc-ZN95T4/glibc-2.31/elf/dl-tunables.c
fn=__GI___tunables_init
67 390 0 0 78 0 0 0 0 0
70 154 0 0 0 0 0 0 0 0
73 7966 1 1 1138 41 41 0 0 0
77 154 0 0 0 0 0 0 0 0
82 462 1 1 0 0 0 77 1 1
278 5 0 0 1 0 0 0 0 0
287 9 2 2 0 0 0 6 0 0
310 8008 1 1 0 0 0 0 0 0
316 10010 0 0 4004 0 0 0 0 0
328 308 0 0 77 0 0 0 0 0
362 8 1 1 7 0 0 0 0 0
fn=__tunable_get_val
368 9 1 1 0 0 0 0 0 0
371 84 0 0 9 0 0 0 0 0
380 9 0 0 9 0 0 0 0 0
390 9 1 1 0 0 0 9 0 0
391 9 0 0 0 0 0 0 0 0
397 45 0 0 9 0 0 0 0 0
399 9 0 0 9 0 0 0 0 0
fl=/build/glibc-ZN95T4/glibc-2.31/elf/dl-tunables.h
fn=__GI___tunables_init
119 5381 0 0 1581 7 7 0 0 0
120 3162 1 1 0 0 0 0 0 0
fl=/build/glibc-ZN95T4/glibc-2.31/elf/dl-version.c
fn=_dl_check_all_versions
362 6 1 1 0 0 0 4 0 0
364 2 0 0 0 0 0 0 0 0
366 20 0 0 5 0 0 0 0 0
368 50 1 1 5 0 0 5 0 0
371 7 0 0 5 0 0 0 0 0
fn=_dl_check_map_versions
37 67 0 0 10 0 0 0 0 0
38 16 0 0 16 0 0 0 0 0
39 105 1 1 0 0 0 21 0 0
57 36 0 0 24 0 0 12 0 0
65 36 0 0 12 0 0 0 0 0
71 36 1 1 12 0 0 0 0 0
87 12 0 0 12 1 0 0 0 0
88 24 0 0 0 0 0 0 0 0
90 12 0 0 12 0 0 0 0 0
95 268 0 0 104 16 16 24 0 0
109 208 0 0 104 6 6 0 0 0
111 12 1 1 12 1 1 0 0 0
114 101 1 1 29 0 0 12 0 0
121 276 1 1 92 6 6 0 0 0
125 92 0 0 0 0 0 0 0 0
143 25 1 1 0 0 0 15 0 0
156 50 1 1 0 0 0 40 0 0
157 5 0 0 0 0 0 5 0 0
165 5 0 0 0 0 0 0 0 0
171 15 0 0 5 0 0 0 0 0
173 10 0 0 5 0 0 5 0 0
175 10 1 1 5 0 0 5 0 0
176 15 0 0 5 0 0 5 0 0
178 10 0 0 0 0 0 0 0 0
181 9 0 0 6 0 0 3 0 0
185 21 1 1 6 2 2 0 0 0
198 2 0 0 0 0 0 0 0 0
199 2 0 0 0 0 0 0 0 0
201 10 0 0 10 0 0 0 0 0
209 15 0 0 5 0 0 0 0 0
210 3 1 1 0 0 0 0 0 0
214 15 0 0 10 0 0 0 0 0
218 126 1 1 96 0 0 0 0 0
220 12 0 0 12 0 0 0 0 0
222 31 0 0 12 4 4 12 0 0
225 48 1 1 12 0 0 0 0 0
228 36 0 0 12 0 0 0 0 0
233 7 0 0 0 0 0 0 0 0
237 20 0 0 10 0 0 0 0 0
242 4 0 0 0 0 0 2 0 0
251 17 0 0 5 0 0 0 0 0
254 12 0 0 9 0 0 0 0 0
257 200 0 0 50 0 0 0 0 0
260 150 0 0 50 0 0 0 0 0
264 47 0 0 0 0 0 0 0 0
268 8 1 1 0 0 0 0 0 0
273 4 0 0 0 0 0 4 1 0
274 20 2 2 0 0 0 4 0 0
275 8 0 0 0 0 0 0 0 0
285 4 0 0 0 0 0 4 0 0
288 12 0 0 8 0 0 4 0 0
290 12 1 1 4 0 0 0 0 0
293 12 0 0 9 0 0 0 0 0
295 2 0 0 0 0 0 0 0 0
297 15 0 0 5 0 0 0 0 0
300 36 1 1 12 0 0 0 0 0
302 48 0 0 0 0 0 0 0 0
304 60 0 0 12 0 0 12 0 0
305 36 0 0 0 0 0 12 5 5
306 36 0 0 12 0 0 12 2 2
307 36 0 0 12 0 0 12 0 0
310 36 0 0 12 0 0 0 0 0
315 7 0 0 0 0 0 0 0 0
318 15 1 1 5 0 0 0 0 0
323 2 0 0 0 0 0 0 0 0
328 12 0 0 4 0 0 0 0 0
331 12 0 0 9 0 0 0 0 0
335 47 0 0 47 0 0 0 0 0
337 100 1 1 50 0 0 0 0 0
341 47 0 0 47 0 0 0 0 0
342 235 0 0 47 0 0 47 14 14
343 141 0 0 47 0 0 47 0 0
344 47 0 0 0 0 0 47 4 4
347 150 0 0 50 0 0 0 0 0
351 47 0 0 0 0 0 0 0 0
357 45 0 0 40 0 0 0 0 0
fl=/build/glibc-ZN95T4/glibc-2.31/elf/do-rel.h
fn=_dl_relocate_object
47 30 0 0 10 0 0 10 0 0
48 10 0 0 10 1 0 0 0 0
50 10 0 0 0 0 0 4 0 0
51 8 1 1 0 0 0 5 1 0
58 30 0 0 10 0 0 0 0 0
61 234 0 0 0 0 0 0 0 0
63 304 1 1 76 27 27 0 0 0
65 170 1 1 0 0 0 0 0 0
74 6 0 0 0 0 0 0 0 0
75 184 0 0 2 0 0 0 0 0
76 112 0 0 56 0 0 0 0 0
83 14 0 0 7 0 0 7 0 0
84 7 1 1 7 0 0 0 0 0
86 21 0 0 7 0 0 0 0 0
98 21 0 0 0 0 0 0 0 0
108 10 0 0 0 0 0 0 0 0
111 3674 2 2 0 0 0 0 0 0
112 2440 0 0 1220 155 153 0 0 0
118 21 0 0 7 5 0 0 0 0
121 12 1 1 6 2 0 6 1 0
124 384 1 1 130 0 0 0 0 0
127 496 0 0 124 33 30 0 0 0
136 496 0 0 248 48 45 0 0 0
137 372 1 1 124 0 0 0 0 0
138 560 0 0 124 1 0 124 0 0
139 372 0 0 248 0 0 124 0 0
143 20 0 0 8 0 0 0 0 0
160 21 2 2 7 0 0 2 0 0
162 20 0 0 5 1 1 0 0 0
170 30 1 1 5 0 0 5 0 0
171 15 0 0 10 0 0 5 0 0
174 3 0 0 1 0 0 0 0 0
fn=_dl_start
83 1 0 0 1 0 0 0 0 0
84 1 0 0 1 0 0 0 0 0
111 129 0 0 0 0 0 0 0 0
112 84 0 0 42 6 6 0 0 0
116 2 0 0 1 0 0 0 0 0
124 29 0 0 0 0 0 0 0 0
136 27 1 1 9 2 2 0 0 0
137 18 0 0 0 0 0 0 0 0
139 18 0 0 9 0 0 0 0 0
fl=/build/glibc-ZN95T4/glibc-2.31/elf/get-dynamic-info.h
fn=_dl_map_object_from_fd
42 3 0 0 0 0 0 0 0 0
46 3 0 0 0 0 0 0 0 0
48 231 1 1 77 21 21 0 0 0
50 148 1 1 0 0 0 0 0 0
63 71 0 0 0 0 0 0 0 0
64 48 0 0 0 0 0 14 6 6
65 15 0 0 0 0 0 0 0 0
67 3 0 0 0 0 0 0 0 0
68 15 1 1 0 0 0 0 0 0
69 3 0 0 0 0 0 0 0 0
71 15 0 0 0 0 0 0 0 0
72 12 0 0 0 0 0 0 0 0
73 120 0 0 0 0 0 60 12 12
74 74 0 0 0 0 0 0 0 0
81 6 0 0 0 0 0 0 0 0
101 11 0 0 5 0 0 0 0 0
102 12 1 1 6 0 0 0 0 0
103 12 0 0 6 0 0 0 0 0
104 12 0 0 6 0 0 0 0 0
106 12 0 0 6 0 0 0 0 0
111 12 0 0 6 0 0 0 0 0
112 11 1 1 5 1 1 0 0 0
113 12 0 0 6 0 0 0 0 0
118 9 0 0 3 0 0 0 0 0
123 6 0 0 3 0 0 0 0 0
130 6 1 1 3 0 0 0 0 0
131 9 0 0 6 0 0 0 0 0
149 9 0 0 3 0 0 0 0 0
154 4 0 0 2 0 0 2 0 0
156 4 0 0 0 0 0 0 0 0
158 4 0 0 0 0 0 0 0 0
160 4 0 0 0 0 0 0 0 0
163 9 1 1 3 0 0 0 0 0
165 3 0 0 1 0 0 1 1 1
166 2 0 0 0 0 0 0 0 0
175 2 1 1 1 0 0 0 0 0
180 2 0 0 0 0 0 0 0 0
183 6 0 0 3 0 0 0 0 0
fn=_dl_start
48 57 1 1 19 6 6 0 0 0
50 36 1 1 0 0 0 0 0 0
63 21 0 0 0 0 0 0 0 0
64 14 0 0 0 0 0 4 2 2
65 5 1 1 0 0 0 0 0 0
67 1 0 0 0 0 0 0 0 0
68 5 1 1 0 0 0 0 0 0
69 1 0 0 0 0 0 0 0 0
71 5 1 1 0 0 0 0 0 0
72 4 0 0 0 0 0 0 0 0
73 16 0 0 0 0 0 14 5 5
74 18 0 0 0 0 0 0 0 0
81 2 0 0 0 0 0 0 0 0
101 4 1 1 2 0 0 0 0 0
102 4 0 0 2 0 0 0 0 0
103 4 0 0 2 0 0 0 0 0
104 4 0 0 2 0 0 0 0 0
106 4 1 1 2 0 0 0 0 0
111 4 0 0 2 0 0 0 0 0
112 4 0 0 2 0 0 0 0 0
113 4 0 0 2 0 0 0 0 0
118 3 1 1 1 0 0 0 0 0
123 2 0 0 1 0 0 0 0 0
130 3 0 0 1 0 0 0 0 0
131 3 0 0 2 0 0 0 0 0
139 3 0 0 1 0 0 0 0 0
142 3 1 1 1 1 1 0 0 0
146 2 0 0 1 0 0 0 0 0
147 2 1 1 1 0 0 0 0 0
fn=dl_main
33 1 0 0 1 0 0 0 0 0
42 2 0 0 0 0 0 0 0 0
46 1 0 0 0 0 0 0 0 0
48 84 1 1 28 8 8 0 0 0
50 54 0 0 0 0 0 0 0 0
63 25 0 0 0 0 0 0 0 0
64 17 0 0 0 0 0 5 2 2
65 5 0 0 0 0 0 0 0 0
68 5 0 0 0 0 0 0 0 0
69 1 1 1 0 0 0 0 0 0
71 5 0 0 0 0 0 0 0 0
72 5 0 0 0 0 0 0 0 0
73 22 0 0 0 0 0 22 4 4
74 27 0 0 0 0 0 0 0 0
81 3 0 0 1 0 0 0 0 0
101 3 0 0 1 0 0 0 0 0
102 4 0 0 2 0 0 0 0 0
103 4 0 0 2 0 0 0 0 0
104 4 1 1 2 0 0 0 0 0
106 4 0 0 2 0 0 0 0 0
111 4 0 0 2 0 0 0 0 0
112 4 0 0 2 0 0 0 0 0
113 4 1 1 2 0 0 0 0 0
118 3 0 0 1 0 0 0 0 0
123 2 0 0 1 0 0 0 0 0
130 2 0 0 1 0 0 0 0 0
131 3 0 0 2 0 0 0 0 0
149 3 0 0 1 0 0 0 0 0
154 2 1 1 1 0 0 1 0 0
156 2 0 0 0 0 0 0 0 0
158 2 0 0 0 0 0 0 0 0
160 2 0 0 0 0 0 0 0 0
161 2 1 1 0 0 0 1 0 0
163 3 0 0 1 0 0 0 0 0
165 3 1 1 1 0 0 1 0 0
166 2 0 0 0 0 0 0 0 0
175 2 0 0 1 0 0 0 0 0
180 2 0 0 0 0 0 0 0 0
181 3 0 0 1 0 0 1 0 0
183 2 0 0 1 0 0 0 0 0
fl=/build/glibc-ZN95T4/glibc-2.31/elf/rtld.c
fn=_dl_start
66 8 0 0 0 0 0 2 1 1
430 2 0 0 0 0 0 1 1 1
431 2 1 1 0 0 0 1 0 0
432 2 0 0 0 0 0 1 0 0
433 2 0 0 0 0 0 1 1 1
434 2 0 0 0 0 0 1 0 0
443 1 0 0 0 0 0 1 0 0
449 4 1 0 0 0 0 1 0 0
451 2 0 0 1 0 0 0 0 0
463 10 2 2 0 0 0 6 1 1
504 1 0 0 0 0 0 1 0 0
507 1 0 0 0 0 0 1 1 1
518 2 0 0 0 0 0 0 0 0
523 25 2 2 9 0 0 0 0 0
525 1 0 0 1 1 1 0 0 0
550 9 0 0 7 2 0 0 0 0
fn=dl_main
66 16 5 5 0 0 0 0 0 0
73 12 0 0 0 0 0 0 0 0
74 2 0 0 0 0 0 1 0 0
82 8 0 0 3 0 0 0 0 0
817 1 0 0 1 0 0 0 0 0
819 1 0 0 0 0 0 1 0 0
828 1 0 0 0 0 0 1 0 0
830 1 0 0 0 0 0 1 0 0
835 1 0 0 0 0 0 1 0 0
1090 14 2 2 0 0 0 8 2 2
1096 1 0 0 0 0 0 0 0 0
1099 1 0 0 0 0 0 1 0 0
1102 2 0 0 0 0 0 1 1 1
1106 6 0 0 0 0 0 1 1 1
1112 2 1 1 0 0 0 1 1 1
1122 3 0 0 1 0 0 0 0 0
1330 8 1 1 0 0 0 1 0 0
1332 2 0 0 0 0 0 0 0 0
1333 1 1 1 0 0 0 1 1 1
1334 2 0 0 1 0 0 1 0 0
1335 2 0 0 1 0 0 1 0 0
1339 3 0 0 0 0 0 1 0 0
1340 2 0 0 1 0 0 0 0 0
1362 1 0 0 0 0 0 1 0 0
1364 2 1 1 1 1 1 1 0 0
1366 1 0 0 1 0 0 0 0 0
1369 47 4 4 14 0 0 1 0 0
1370 118 2 2 22 7 7 0 0 0
1374 3 1 1 1 0 0 1 0 0
1379 3 0 0 2 0 0 1 0 0
1388 2 0 0 0 0 0 1 1 1
1389 2 0 0 2 1 1 0 0 0
1391 1 1 1 0 0 0 1 0 0
1398 3 1 1 1 0 0 0 0 0
1410 3 0 0 0 0 0 1 0 0
1416 1 0 0 0 0 0 0 0 0
1424 8 1 1 4 0 0 0 0 0
1425 17 1 1 9 1 1 1 0 0
1426 8 0 0 4 0 0 0 0 0
1427 1 0 0 0 0 0 1 0 0
1430 8 0 0 4 3 3 0 0 0
1431 8 0 0 4 0 0 0 0 0
1432 4 0 0 0 0 0 4 0 0
1433 10 0 0 5 0 0 0 0 0
1434 1 0 0 0 0 0 1 0 0
1461 2 1 1 1 0 0 1 0 0
1465 4 0 0 2 0 0 1 1 1
1478 7 0 0 4 1 1 0 0 0
1481 2 0 0 0 0 0 0 0 0
1483 2 1 1 0 0 0 0 0 0
1485 3 0 0 1 0 0 0 0 0
1498 3 0 0 1 0 0 0 0 0
1499 5 1 1 1 0 0 1 0 0
1501 3 0 0 3 0 0 0 0 0
1504 1 0 0 0 0 0 1 0 0
1506 1 0 0 0 0 0 1 1 1
1507 1 0 0 0 0 0 1 0 0
1509 2 0 0 1 0 0 0 0 0
1510 2 0 0 0 0 0 1 0 0
1514 2 1 1 1 0 0 0 0 0
1516 2 0 0 1 0 0 0 0 0
1521 2 1 1 0 0 0 1 0 0
1524 2 0 0 1 0 0 0 0 0
1549 10 0 0 1 0 0 2 0 0
1554 2 1 1 1 0 0 1 0 0
1557 4 0 0 1 0 0 2 0 0
1559 1 0 0 0 0 0 1 0 0
1564 2 1 1 1 0 0 0 0 0
1567 4 1 1 2 0 0 1 0 0
1568 4 0 0 1 0 0 1 0 0
1569 2 0 0 1 0 0 1 0 0
1570 1 0 0 0 0 0 1 0 0
1571 1 0 0 1 0 0 0 0 0
1572 1 1 1 1 0 0 0 0 0
1577 2 0 0 1 0 0 0 0 0
1578 6 0 0 1 0 0 1 0 0
1595 2 0 0 1 1 1 0 0 0
1596 2 0 0 1 0 0 0 0 0
1598 2 1 1 1 0 0 0 0 0
1600 1 0 0 0 0 0 1 0 0
1601 3 0 0 1 0 0 1 0 0
1606 5 1 1 0 0 0 0 0 0
1607 5 0 0 1 1 1 0 0 0
1609 4 1 1 2 1 1 1 1 1
1615 2 0 0 1 1 1 0 0 0
1620 1 0 0 0 0 0 1 0 0
1621 3 0 0 1 0 0 0 0 0
1622 4 1 1 1 0 0 1 0 0
1640 2 0 0 0 0 0 2 0 0
1648 3 0 0 1 0 0 0 0 0
1651 2 0 0 1 0 0 1 0 0
1655 3 0 0 1 0 0 0 0 0
1660 2 1 1 1 0 0 1 0 0
1661 1 0 0 0 0 0 1 0 0
1662 1 0 0 0 0 0 0 0 0
1666 3 0 0 1 0 0 0 0 0
1682 3 0 0 2 0 0 0 0 0
1684 1 0 0 0 0 0 0 0 0
1686 2 1 1 1 0 0 0 0 0
1690 5 0 0 1 0 0 1 0 0
1694 2 0 0 1 0 0 0 0 0
1709 5 0 0 0 0 0 1 0 0
1785 4 0 0 2 0 0 0 0 0
1789 20 3 3 1 0 0 0 0 0
1790 1 0 0 0 0 0 0 0 0
1793 3 0 0 0 0 0 1 0 0
1794 1 0 0 1 0 0 0 0 0
1795 2 0 0 0 0 0 0 0 0
1796 2 0 0 0 0 0 0 0 0
1805 8 0 0 1 0 0 1 0 0
1810 23 1 1 1 0 0 0 0 0
1811 13 0 0 11 0 0 0 0 0
1814 3 0 0 2 0 0 1 0 0
1815 3 1 1 1 0 0 0 0 0
1816 1 0 0 0 0 0 1 0 0
1818 12 0 0 0 0 0 0 0 0
1819 20 1 1 9 0 0 0 0 0
1829 5 1 1 1 0 0 1 0 0
1831 3 0 0 1 0 0 1 0 0
1832 3 0 0 1 0 0 0 0 0
1834 2 0 0 0 0 0 1 0 0
1836 3 0 0 0 0 0 0 0 0
1838 3 0 0 1 0 0 0 0 0
1839 1 1 1 1 0 0 0 0 0
1852 2 0 0 0 0 0 0 0 0
1853 2 0 0 1 0 0 1 0 0
1854 3 0 0 1 0 0 0 0 0
1865 5 1 1 1 0 0 1 0 0
1866 1 0 0 0 0 0 1 0 0
1867 5 1 1 0 0 0 1 0 0
1877 2 0 0 1 0 0 1 0 0
1878 2 0 0 1 0 0 0 0 0
1879 3 1 1 0 0 0 2 0 0
1881 2 0 0 1 0 0 0 0 0
1886 3 0 0 1 0 0 0 0 0
2116 3 1 1 1 0 0 0 0 0
2172 1 0 0 0 0 0 1 0 0
2176 2 1 1 1 0 0 1 0 0
2182 2 0 0 1 0 0 1 0 0
2185 2 0 0 0 0 0 0 0 0
2193 1 1 1 1 0 0 0 0 0
2239 3 0 0 1 0 0 0 0 0
2242 1 0 0 1 0 0 0 0 0
2246 1 0 0 1 0 0 0 0 0
2247 19 1 1 0 0 0 0 0 0
2249 10 0 0 10 2 0 0 0 0
2254 10 0 0 10 3 0 0 0 0
2256 12 0 0 0 0 0 0 0 0
2258 1 1 1 0 0 0 1 0 0
2259 1 0 0 1 0 0 0 0 0
2262 5 1 1 5 0 0 0 0 0
2264 10 0 0 5 1 0 0 0 0
2265 32 0 0 8 3 0 4 0 0
2269 12 0 0 6 1 0 0 0 0
2270 4 1 1 0 0 0 1 0 0
2278 2 0 0 1 0 0 0 0 0
2283 4 1 1 2 2 0 0 0 0
2285 1 1 1 1 0 0 0 0 0
2292 3 0 0 1 0 0 1 0 0
2295 2 0 0 1 0 0 0 0 0
2304 3 0 0 2 0 0 0 0 0
2306 2 0 0 1 0 0 0 0 0
2319 1 0 0 1 0 0 0 0 0
2320 5 0 0 1 0 0 1 0 0
2330 1 0 0 0 0 0 1 0 0
2334 3 1 1 1 0 0 0 0 0
2355 4 0 0 0 0 0 1 0 0
2356 1 0 0 0 0 0 1 0 0
2357 1 0 0 0 0 0 1 0 0
2358 1 0 0 0 0 0 0 0 0
2362 1 0 0 0 0 0 1 0 0
2367 8 0 0 7 1 0 0 0 0
2533 2 0 0 1 0 0 1 1 1
2535 1 0 0 0 0 0 1 0 0
2536 1 1 1 0 0 0 0 0 0
2540 6 0 0 1 0 0 1 0 0
2542 17 0 0 3 0 0 4 1 1
2544 2 0 0 0 0 0 0 0 0
2546 105 0 0 21 0 0 0 0 0
2547 19 1 1 0 0 0 0 0 0
2555 12 0 0 2 1 1 0 0 0
2576 2 1 1 1 0 0 0 0 0
2583 6 1 1 3 0 0 0 0 0
2585 2 0 0 0 0 0 1 1 1
2586 1 0 0 0 0 0 0 0 0
2631 3 1 1 1 0 0 0 0 0
2632 5 2 2 2 0 0 0 0 0
2634 2 1 1 0 0 0 1 1 1
2635 1 0 0 0 0 0 0 0 0
2704 3 0 0 1 0 0 0 0 0
2736 3 1 1 1 0 0 0 0 0
fn=handle_preload_list
168 3 0 0 1 0 0 0 0 0
770 1 0 0 0 0 0 1 1 1
774 1 0 0 0 0 0 1 0 0
775 1 0 0 0 0 0 1 0 0
776 1 0 0 0 0 0 1 0 0
778 1 0 0 1 0 0 0 0 0
780 6 1 1 0 0 0 1 0 0
781 3 0 0 1 0 0 0 0 0
789 4 0 0 1 0 0 0 0 0
858 10 1 1 1 1 1 6 0 0
859 1 1 1 0 0 0 0 0 0
863 7 0 0 2 0 0 0 0 0
866 4 0 0 0 0 0 1 1 1
867 3 0 0 0 0 0 0 0 0
869 6 1 1 0 0 0 1 0 0
870 2 0 0 0 0 0 1 1 1
876 1 1 1 0 0 0 0 0 0
878 2 0 0 1 0 0 0 0 0
880 2 0 0 1 0 0 0 0 0
884 9 0 0 7 0 0 0 0 0
fn=init_tls
699 1 1 1 0 0 0 1 0 0
701 2 1 1 1 0 0 1 0 0
705 2 0 0 1 1 0 0 0 0
711 2 0 0 0 0 0 1 1 1
714 1 0 0 0 0 0 1 0 0
715 3 0 0 0 0 0 1 0 0
716 1 0 0 0 0 0 0 0 0
720 1 0 0 0 0 0 0 0 0
722 1 1 1 0 0 0 1 0 0
726 2 0 0 1 1 1 0 0 0
727 2 0 0 0 0 0 0 0 0
728 14 0 0 1 0 0 0 0 0
729 7 2 2 5 0 0 0 0 0
730 15 0 0 5 0 0 0 0 0
734 2 0 0 0 0 0 1 0 0
736 1 0 0 0 0 0 0 0 0
738 2 0 0 0 0 0 0 0 0
741 1 0 0 0 0 0 1 0 0
748 2 0 0 0 0 0 1 0 0
749 2 0 0 0 0 0 0 0 0
755 2 0 0 1 0 0 1 0 0
758 7 0 0 0 0 0 2 0 0
761 1 0 0 0 0 0 1 0 0
764 3 0 0 2 0 0 0 0 0
fn=map_doit
606 3 1 1 0 0 0 1 0 0
608 4 0 0 1 0 0 0 0 0
609 6 0 0 2 0 0 2 0 0
611 2 0 0 2 0 0 0 0 0
fn=rtld_lock_default_lock_recursive
801 4 1 1 0 0 0 0 0 0
802 4 0 0 4 1 1 0 0 0
803 4 0 0 4 0 0 0 0 0
fn=rtld_lock_default_unlock_recursive
807 4 0 0 0 0 0 0 0 0
808 4 0 0 4 0 0 0 0 0
809 4 0 0 4 0 0 0 0 0
fn=version_check_doit
639 3 1 1 0 0 0 1 0 0
641 6 0 0 2 0 0 1 0 0
645 2 0 0 2 0 0 0 0 0
fl=/build/glibc-ZN95T4/glibc-2.31/io/../sysdeps/unix/sysv/linux/access.c
fn=access
25 1 1 1 0 0 0 0 0 0
27 7 0 0 0 0 0 1 0 0
31 1 0 0 1 0 0 0 0 0
fl=/build/glibc-ZN95T4/glibc-2.31/io/../sysdeps/unix/sysv/linux/close_nocancel.c
fn=__GI___close_nocancel
25 4 1 1 0 0 0 0 0 0
26 16 0 0 0 0 0 0 0 0
27 4 0 0 4 0 0 0 0 0
fl=/build/glibc-ZN95T4/glibc-2.31/io/../sysdeps/unix/sysv/linux/open64_nocancel.c
fn=__open_nocancel
34 52 1 1 0 0 0 13 1 1
37 91 0 0 0 0 0 0 0 0
45 118 2 2 0 0 0 9 0 0
47 13 0 0 13 0 0 0 0 0
fl=/build/glibc-ZN95T4/glibc-2.31/io/../sysdeps/unix/sysv/linux/pread64_nocancel.c
fn=__pread64_nocancel
29 12 0 0 0 0 0 0 0 0
30 24 1 1 0 0 0 0 0 0
31 6 0 0 6 0 0 0 0 0
fl=/build/glibc-ZN95T4/glibc-2.31/io/../sysdeps/unix/sysv/linux/read_nocancel.c
fn=__read_nocancel
25 3 1 1 0 0 0 0 0 0
26 12 0 0 0 0 0 0 0 0
27 3 0 0 3 0 0 0 0 0
fl=/build/glibc-ZN95T4/glibc-2.31/io/../sysdeps/unix/sysv/linux/wordsize-64/fxstat.c
fn=_fxstat
33 16 1 1 0 0 0 0 0 0
34 8 0 0 0 0 0 0 0 0
35 16 0 0 0 0 0 0 0 0
39 4 0 0 4 0 0 0 0 0
fl=/build/glibc-ZN95T4/glibc-2.31/io/../sysdeps/unix/sysv/linux/wordsize-64/xstat.c
fn=_xstat
33 32 1 1 0 0 0 0 0 0
34 16 1 1 0 0 0 0 0 0
35 60 0 0 7 0 0 7 0 0
39 1 0 0 1 0 0 0 0 0
fl=/build/glibc-ZN95T4/glibc-2.31/libio/vtables.c
fn=check_stdfiles_vtables
83 1 1 1 0 0 0 0 0 0
84 4 0 0 2 1 0 0 0 0
85 3 1 1 2 1 0 0 0 0
86 3 0 0 2 1 0 0 0 0
88 1 0 0 1 0 0 0 0 0
fl=/build/glibc-ZN95T4/glibc-2.31/malloc/scratch_buffer_set_array_size.c
fn=__libc_scratch_buffer_set_array_size
30 15 1 1 0 0 0 9 0 0
31 6 0 0 0 0 0 0 0 0
34 6 0 0 0 0 0 0 0 0
35 6 0 0 0 0 0 0 0 0
45 6 0 0 3 0 0 0 0 0
46 3 0 0 0 0 0 0 0 0
63 12 1 1 12 0 0 0 0 0
fl=/build/glibc-ZN95T4/glibc-2.31/math/../sysdeps/ieee754/dbl-64/e_pow.c
fn=__ieee754_pow_fma
45 7 2 2 0 0 0 0 0 0
62 2 0 0 0 0 0 0 0 0
63 2 0 0 0 0 0 0 0 0
64 2 0 0 0 0 0 0 0 0
65 3 1 1 0 0 0 0 0 0
67 2 0 0 0 0 0 0 0 0
70 5 0 0 0 0 0 0 0 0
77 3 1 1 2 1 1 0 0 0
88 2 0 0 2 2 2 0 0 0
89 1 0 0 0 0 0 0 0 0
90 2 0 0 2 0 0 0 0 0
91 2 0 0 0 0 0 0 0 0
95 1 0 0 1 0 0 0 0 0
96 1 0 0 0 0 0 0 0 0
97 1 0 0 0 0 0 0 0 0
100 1 0 0 0 0 0 0 0 0
101 1 0 0 0 0 0 0 0 0
102 2 0 0 0 0 0 0 0 0
112 8 2 2 6 1 1 0 0 0
113 4 0 0 0 0 0 0 0 0
114 1 0 0 0 0 0 0 0 0
115 2 0 0 0 0 0 0 0 0
193 1 0 0 0 0 0 0 0 0
194 3 0 0 0 0 0 0 0 0
225 4 0 0 2 1 1 0 0 0
227 1 0 0 0 0 0 0 0 0
229 2 0 0 2 0 0 0 0 0
231 1 0 0 0 0 0 0 0 0
233 3 0 0 0 0 0 0 0 0
234 2 0 0 0 0 0 0 0 0
237 1 0 0 1 1 1 0 0 0
240 1 0 0 0 0 0 0 0 0
243 8 2 2 5 0 0 0 0 0
244 2 0 0 0 0 0 0 0 0
249 2 0 0 1 0 0 0 0 0
283 2 1 1 0 0 0 0 0 0
284 1 0 0 0 0 0 0 0 0
292 8 0 0 0 0 0 0 0 0
369 1 0 0 0 0 0 0 0 0
370 2 0 0 0 0 0 0 0 0
fl=/build/glibc-ZN95T4/glibc-2.31/math/../sysdeps/ieee754/dbl-64/math_config.h
fn=__ieee754_pow_fma
67 4 0 0 0 0 0 0 0 0
79 1 0 0 0 0 0 0 0 0
fl=/build/glibc-ZN95T4/glibc-2.31/math/../sysdeps/x86_64/fpu/multiarch/e_asin.c
fn=__acos_finite@GLIBC_2.15
35 1 1 1 0 0 0 0 0 0
fn=__asin_finite@GLIBC_2.15
27 2 1 1 1 0 0 0 0 0
fl=/build/glibc-ZN95T4/glibc-2.31/math/../sysdeps/x86_64/fpu/multiarch/e_atan2.c
fn=__atan2_finite@GLIBC_2.15
26 2 2 2 1 0 0 0 0 0
fl=/build/glibc-ZN95T4/glibc-2.31/math/../sysdeps/x86_64/fpu/multiarch/e_exp.c
fn=__exp_finite@GLIBC_2.15
27 2 2 2 1 0 0 0 0 0
fl=/build/glibc-ZN95T4/glibc-2.31/math/../sysdeps/x86_64/fpu/multiarch/e_exp2f.c
fn=exp2f@@GLIBC_2.27
27 2 1 1 1 0 0 0 0 0
fl=/build/glibc-ZN95T4/glibc-2.31/math/../sysdeps/x86_64/fpu/multiarch/e_expf.c
fn=expf@@GLIBC_2.27
27 2 1 1 1 0 0 0 0 0
fl=/build/glibc-ZN95T4/glibc-2.31/math/../sysdeps/x86_64/fpu/multiarch/e_log.c
fn=__log_finite@GLIBC_2.15
27 2 1 1 1 0 0 0 0 0
fl=/build/glibc-ZN95T4/glibc-2.31/math/../sysdeps/x86_64/fpu/multiarch/e_log2f.c
fn=log2f@@GLIBC_2.27
27 2 1 1 1 0 0 0 0 0
fl=/build/glibc-ZN95T4/glibc-2.31/math/../sysdeps/x86_64/fpu/multiarch/e_logf.c
fn=logf@@GLIBC_2.27
27 2 1 1 1 0 0 0 0 0
fl=/build/glibc-ZN95T4/glibc-2.31/math/../sysdeps/x86_64/fpu/multiarch/e_pow.c
fn=__pow_finite@GLIBC_2.15
27 2 2 2 1 0 0 0 0 0
fl=/build/glibc-ZN95T4/glibc-2.31/math/../sysdeps/x86_64/fpu/multiarch/e_powf.c
fn=powf@@GLIBC_2.27
30 3 1 1 2 0 0 0 0 0
fl=/build/glibc-ZN95T4/glibc-2.31/math/../sysdeps/x86_64/fpu/multiarch/ifunc-avx-fma4.h
fn=__atan2_finite@GLIBC_2.15
32 2 0 0 0 0 0 0 0 0
33 5 0 0 2 0 0 0 0 0
fn=__exp_finite@GLIBC_2.15
32 2 0 0 0 0 0 0 0 0
33 5 0 0 2 0 0 0 0 0
fn=__log_finite@GLIBC_2.15
32 2 1 1 0 0 0 0 0 0
33 5 0 0 2 0 0 0 0 0
fn=cos
32 2 0 0 0 0 0 0 0 0
33 5 0 0 2 0 0 0 0 0
fn=sin
32 2 0 0 0 0 0 0 0 0
33 5 0 0 2 0 0 0 0 0
fl=/build/glibc-ZN95T4/glibc-2.31/math/../sysdeps/x86_64/fpu/multiarch/ifunc-fma.h
fn=cosf
29 4 0 0 0 0 0 0 0 0
30 3 0 0 2 0 0 0 0 0
fn=exp2f@@GLIBC_2.27
29 4 1 1 0 0 0 0 0 0
30 3 0 0 2 0 0 0 0 0
fn=expf@@GLIBC_2.27
29 4 1 1 0 0 0 0 0 0
30 3 0 0 2 0 0 0 0 0
fn=log2f@@GLIBC_2.27
29 4 0 0 0 0 0 0 0 0
30 3 0 0 2 0 0 0 0 0
fn=logf@@GLIBC_2.27
29 4 0 0 0 0 0 0 0 0
30 3 0 0 2 0 0 0 0 0
fn=powf@@GLIBC_2.27
29 4 1 1 0 0 0 0 0 0
30 2 0 0 1 0 0 0 0 0
fn=sincosf
29 4 1 1 0 0 0 0 0 0
30 3 0 0 2 0 0 0 0 0
fn=sinf
29 4 1 1 0 0 0 0 0 0
30 3 0 0 2 0 0 0 0 0
fl=/build/glibc-ZN95T4/glibc-2.31/math/../sysdeps/x86_64/fpu/multiarch/ifunc-fma4.h
fn=__acos_finite@GLIBC_2.15
31 2 1 1 0 0 0 0 0 0
32 5 0 0 2 0 0 0 0 0
35 1 0 0 1 0 0 0 0 0
fn=__asin_finite@GLIBC_2.15
31 2 0 0 0 0 0 0 0 0
32 5 0 0 2 0 0 0 0 0
fn=__pow_finite@GLIBC_2.15
31 2 0 0 0 0 0 0 0 0
32 5 0 0 2 0 0 0 0 0
fl=/build/glibc-ZN95T4/glibc-2.31/math/../sysdeps/x86_64/fpu/multiarch/s_cosf.c
fn=cosf
26 2 1 1 1 0 0 0 0 0
fl=/build/glibc-ZN95T4/glibc-2.31/math/../sysdeps/x86_64/fpu/multiarch/s_sin.c
fn=cos
34 2 2 2 1 0 0 0 0 0
fn=sin
27 2 1 1 1 0 0 0 0 0
fl=/build/glibc-ZN95T4/glibc-2.31/math/../sysdeps/x86_64/fpu/multiarch/s_sincosf.c
fn=sincosf
26 2 1 1 1 0 0 0 0 0
fl=/build/glibc-ZN95T4/glibc-2.31/math/../sysdeps/x86_64/fpu/multiarch/s_sinf.c
fn=sinf
26 2 1 1 1 0 0 0 0 0
fl=/build/glibc-ZN95T4/glibc-2.31/math/./w_pow_template.c
fn=pow@@GLIBC_2.29
31 2 1 1 0 0 0 0 0 0
32 3 1 1 0 0 0 3 1 1
33 8 0 0 4 2 2 0 0 0
45 4 1 1 0 0 0 0 0 0
49 2 0 0 1 0 0 0 0 0
fl=/build/glibc-ZN95T4/glibc-2.31/misc/../sysdeps/unix/syscall-template.S
fn=mprotect
78 30 1 1 0 0 0 0 0 0
79 6 0 0 6 0 0 0 0 0
fn=munmap
78 5 1 1 0 0 0 0 0 0
79 1 0 0 1 0 0 0 0 0
fl=/build/glibc-ZN95T4/glibc-2.31/misc/../sysdeps/unix/sysv/linux/mmap64.c
fn=mmap
48 80 1 1 0 0 0 32 0 0
51 32 0 0 0 0 0 0 0 0
54 44 1 1 0 0 0 0 0 0
59 96 0 0 0 0 0 0 0 0
61 48 0 0 48 0 0 0 0 0
fl=/build/glibc-ZN95T4/glibc-2.31/misc/init-misc.c
fn=__init_misc
30 5 1 1 0 0 0 2 0 0
31 5 0 0 1 0 0 0 0 0
33 3 1 1 0 0 0 1 0 0
37 5 0 0 1 1 0 1 1 0
38 3 0 0 2 0 0 1 0 0
40 4 0 0 3 0 0 0 0 0
fl=/build/glibc-ZN95T4/glibc-2.31/posix/../sysdeps/unix/syscall-template.S
fn=uname
78 5 1 1 0 0 0 0 0 0
79 1 0 0 1 0 0 0 0 0
fl=/build/glibc-ZN95T4/glibc-2.31/setjmp/../sysdeps/x86_64/bsd-_setjmp.S
fn=_setjmp
28 1 1 1 0 0 0 0 0 0
30 1 0 0 0 0 0 0 0 0
32 1 0 0 0 0 0 0 0 0
fl=/build/glibc-ZN95T4/glibc-2.31/setjmp/../sysdeps/x86_64/setjmp.S
fn=__sigsetjmp
30 7 2 2 0 0 0 0 0 0
32 7 0 0 0 0 0 7 0 0
41 7 0 0 0 0 0 0 0 0
42 14 1 1 7 0 0 0 0 0
43 7 0 0 0 0 0 7 0 0
47 7 0 0 0 0 0 7 1 1
48 7 0 0 0 0 0 7 0 0
49 7 0 0 0 0 0 7 0 0
50 7 0 0 0 0 0 7 0 0
51 7 0 0 0 0 0 0 0 0
53 14 1 1 7 0 0 0 0 0
55 7 0 0 0 0 0 7 0 0
56 7 0 0 7 0 0 0 0 0
57 7 0 0 0 0 0 0 0 0
59 14 1 1 7 0 0 0 0 0
61 7 0 0 0 0 0 7 0 0
66 1 0 0 1 1 0 0 0 0
67 1 0 0 0 0 0 0 0 0
69 6 0 0 0 0 0 0 0 0
72 6 0 0 0 0 0 0 0 0
73 6 0 0 0 0 0 6 1 1
80 6 0 0 0 0 0 0 0 0
81 6 0 0 6 0 0 0 0 0
84 1 0 0 0 0 0 0 0 0
fl=/build/glibc-ZN95T4/glibc-2.31/setjmp/sigjmp.c
fn=__sigjmp_save
28 3 0 0 0 0 0 1 0 0
29 1 0 0 0 0 0 1 0 0
30 2 0 0 0 0 0 0 0 0
34 3 1 1 2 0 0 0 0 0
fl=/build/glibc-ZN95T4/glibc-2.31/stdlib/../sysdeps/unix/sysv/linux/x86/lowlevellock.h
fn=__cxa_atexit
47 3 0 0 1 1 1 0 0 0
fl=/build/glibc-ZN95T4/glibc-2.31/stdlib/cxa_atexit.c
fn=__cxa_atexit
41 3 0 0 0 0 0 0 0 0
43 3 1 1 1 0 0 0 0 0
44 2 0 0 0 0 0 1 0 0
46 2 0 0 0 0 0 0 0 0
53 3 1 1 1 0 0 0 0 0
55 1 0 0 0 0 0 1 0 0
56 3 0 0 2 0 0 1 0 0
58 1 0 0 0 0 0 1 0 0
59 4 0 0 2 0 0 0 0 0
69 6 1 1 0 0 0 4 0 0
71 5 0 0 3 0 0 0 0 0
fn=__new_exitfn
82 5 1 1 0 0 0 2 0 0
83 2 0 0 0 0 0 0 0 0
88 2 0 0 1 1 0 0 0 0
93 8 0 0 2 1 0 0 0 0
95 4 1 1 1 1 0 0 0 0
103 1 0 0 0 0 0 1 0 0
124 1 0 0 0 0 0 0 0 0
125 2 1 1 0 0 0 1 0 0
138 1 1 1 0 0 0 1 0 0
139 1 0 0 1 0 0 0 0 0
143 5 0 0 3 0 0 0 0 0
fl=/build/glibc-ZN95T4/glibc-2.31/string/../bits/stdlib-bsearch.h
fn=intel_check_word.isra.0
27 12 0 0 0 0 0 0 0 0
28 12 0 0 0 0 0 0 0 0
29 228 0 0 0 0 0 0 0 0
31 162 0 0 0 0 0 0 0 0
32 81 0 0 0 0 0 0 0 0
37 15 1 1 0 0 0 0 0 0
fl=/build/glibc-ZN95T4/glibc-2.31/string/../sysdeps/x86/cacheinfo.c
fn=handle_intel.constprop.0
259 30 1 1 3 0 0 21 1 0
261 3 1 1 3 0 0 0 0 0
264 6 0 0 3 0 0 0 0 0
270 6 1 1 0 0 0 3 0 0
272 6 0 0 0 0 0 3 0 0
273 3 0 0 0 0 0 3 0 0
275 9 0 0 0 0 0 0 0 0
281 15 0 0 0 0 0 6 0 0
286 6 0 0 0 0 0 0 0 0
288 6 0 0 0 0 0 3 0 0
289 3 0 0 0 0 0 0 0 0
293 18 1 1 0 0 0 3 0 0
295 6 0 0 0 0 0 0 0 0
298 21 0 0 0 0 0 3 0 0
300 6 0 0 0 0 0 0 0 0
319 33 1 1 27 0 0 0 0 0
fn=init_cacheinfo
488 8 1 1 0 0 0 6 0 0
500 2 1 1 1 0 0 1 0 0
502 6 0 0 4 0 0 0 0 0
504 3 0 0 0 0 0 1 0 0
506 3 0 0 0 0 0 2 0 0
510 1 1 1 0 0 0 1 0 0
511 3 0 0 0 0 0 1 0 0
519 2 0 0 0 0 0 0 0 0
530 1 0 0 0 0 0 0 0 0
535 3 0 0 1 0 0 0 0 0
539 2 0 0 1 0 0 0 0 0
547 12 1 1 0 0 0 0 0 0
550 13 1 1 0 0 0 0 0 0
556 8 0 0 0 0 0 0 0 0
559 26 0 0 0 0 0 0 0 0
564 2 1 1 0 0 0 0 0 0
568 3 1 1 0 0 0 0 0 0
569 2 0 0 0 0 0 0 0 0
573 2 0 0 0 0 0 0 0 0
577 3 0 0 0 0 0 0 0 0
580 3 0 0 0 0 0 0 0 0
581 1 0 0 0 0 0 0 0 0
586 4 0 0 0 0 0 0 0 0
592 2 1 1 1 0 0 0 0 0
600 9 0 0 1 0 0 0 0 0
602 7 1 1 0 0 0 0 0 0
604 7 0 0 0 0 0 0 0 0
606 6 0 0 0 0 0 0 0 0
609 2 0 0 0 0 0 0 0 0
610 8 0 0 0 0 0 0 0 0
612 4 1 1 0 0 0 0 0 0
615 2 0 0 0 0 0 0 0 0
620 1 0 0 0 0 0 0 0 0
622 4 0 0 0 0 0 0 0 0
623 2 0 0 0 0 0 0 0 0
624 2 0 0 0 0 0 0 0 0
627 2 0 0 0 0 0 0 0 0
630 2 1 1 0 0 0 0 0 0
633 1 0 0 0 0 0 0 0 0
634 2 0 0 1 0 0 0 0 0
637 1 0 0 0 0 0 0 0 0
639 4 1 1 0 0 0 0 0 0
640 1 0 0 0 0 0 0 0 0
645 2 0 0 0 0 0 0 0 0
651 2 0 0 0 0 0 0 0 0
652 2 0 0 0 0 0 0 0 0
653 1 1 1 0 0 0 0 0 0
654 2 0 0 1 0 0 0 0 0
691 4 0 0 0 0 0 0 0 0
692 5 0 0 0 0 0 0 0 0
696 2 1 1 0 0 0 0 0 0
755 2 0 0 0 0 0 0 0 0
758 2 1 1 0 0 0 0 0 0
760 3 0 0 0 0 0 1 0 0
761 1 0 0 0 0 0 1 1 1
763 1 0 0 0 0 0 0 0 0
764 3 1 1 0 0 0 1 0 0
765 1 0 0 0 0 0 1 0 0
768 2 0 0 0 0 0 0 0 0
771 2 0 0 0 0 0 0 0 0
773 3 0 0 0 0 0 1 0 0
774 1 0 0 0 0 0 1 1 1
776 1 0 0 0 0 0 0 0 0
777 3 0 0 0 0 0 1 0 0
778 1 0 0 0 0 0 1 0 0
786 2 0 0 1 0 0 1 1 1
788 8 0 0 1 0 0 0 0 0
789 8 0 0 7 0 0 0 0 0
fn=intel_check_word.isra.0
119 162 0 0 81 6 6 0 0 0
122 81 1 1 0 0 0 0 0 0
128 42 0 0 0 0 0 24 0 0
132 12 1 1 0 0 0 0 0 0
134 3 0 0 0 0 0 0 0 0
138 42 0 0 0 0 0 0 0 0
140 60 1 1 0 0 0 0 0 0
142 15 0 0 0 0 0 0 0 0
144 30 0 0 0 0 0 0 0 0
152 30 0 0 0 0 0 0 0 0
161 13 1 1 0 0 0 0 0 0
164 29 1 1 0 0 0 0 0 0
167 24 0 0 0 0 0 0 0 0
171 16 0 0 0 0 0 0 0 0
173 36 0 0 0 0 0 0 0 0
175 14 0 0 0 0 0 0 0 0
177 10 0 0 0 0 0 0 0 0
178 6 0 0 0 0 0 0 0 0
179 2 1 1 0 0 0 0 0 0
181 3 1 1 0 0 0 0 0 0
183 6 0 0 0 0 0 0 0 0
185 9 1 1 0 0 0 0 0 0
186 12 0 0 0 0 0 0 0 0
187 9 1 1 0 0 0 0 0 0
188 15 0 0 0 0 0 0 0 0
196 5 0 0 0 0 0 0 0 0
203 24 1 1 0 0 0 0 0 0
225 12 0 0 0 0 0 0 0 0
255 36 0 0 30 0 0 0 0 0
fl=/build/glibc-ZN95T4/glibc-2.31/string/../sysdeps/x86_64/multiarch/../strchr.S
fn=index
23 10 1 1 0 0 0 0 0 0
24 10 0 0 0 0 0 0 0 0
25 10 0 0 0 0 0 0 0 0
26 10 0 0 0 0 0 0 0 0
27 10 0 0 0 0 0 0 0 0
28 10 0 0 0 0 0 0 0 0
29 10 0 0 0 0 0 0 0 0
30 10 0 0 0 0 0 0 0 0
31 10 0 0 0 0 0 0 0 0
32 10 0 0 10 4 4 0 0 0
33 10 0 0 0 0 0 0 0 0
34 10 1 1 0 0 0 0 0 0
35 10 0 0 0 0 0 0 0 0
36 10 0 0 0 0 0 0 0 0
37 10 0 0 0 0 0 0 0 0
38 10 0 0 0 0 0 0 0 0
39 10 0 0 0 0 0 0 0 0
40 10 0 0 0 0 0 0 0 0
41 7 0 0 0 0 0 0 0 0
45 7 0 0 0 0 0 0 0 0
46 7 0 0 0 0 0 0 0 0
47 7 0 0 7 0 0 0 0 0
48 7 0 0 0 0 0 0 0 0
50 7 0 0 7 0 0 0 0 0
54 3 0 0 3 0 0 0 0 0
55 3 0 0 0 0 0 0 0 0
56 3 0 0 0 0 0 0 0 0
57 3 1 1 0 0 0 0 0 0
58 3 0 0 0 0 0 0 0 0
59 3 0 0 0 0 0 0 0 0
60 3 0 0 3 0 0 0 0 0
61 3 0 0 0 0 0 0 0 0
62 3 0 0 0 0 0 0 0 0
63 3 0 0 0 0 0 0 0 0
64 3 0 0 0 0 0 0 0 0
65 3 0 0 0 0 0 0 0 0
66 3 0 0 0 0 0 0 0 0
67 3 0 0 3 2 2 0 0 0
68 3 0 0 0 0 0 0 0 0
69 3 0 0 0 0 0 0 0 0
70 3 0 0 0 0 0 0 0 0
71 3 0 0 0 0 0 0 0 0
72 3 0 0 0 0 0 0 0 0
73 3 1 1 0 0 0 0 0 0
74 3 0 0 0 0 0 0 0 0
75 3 0 0 0 0 0 0 0 0
76 3 0 0 0 0 0 0 0 0
77 5 0 0 0 0 0 0 0 0
82 1 0 0 0 0 0 0 0 0
83 1 0 0 0 0 0 0 0 0
86 1 0 0 0 0 0 0 0 0
87 1 0 0 1 0 0 0 0 0
88 1 0 0 1 0 0 0 0 0
89 1 0 0 1 0 0 0 0 0
90 1 0 0 0 0 0 0 0 0
91 1 1 1 1 0 0 0 0 0
92 1 0 0 0 0 0 0 0 0
93 1 0 0 0 0 0 0 0 0
94 1 0 0 1 0 0 0 0 0
95 1 0 0 0 0 0 0 0 0
96 1 0 0 1 0 0 0 0 0
97 1 0 0 1 0 0 0 0 0
98 1 0 0 0 0 0 0 0 0
99 1 0 0 1 0 0 0 0 0
100 1 0 0 0 0 0 0 0 0
101 1 0 0 0 0 0 0 0 0
102 1 0 0 0 0 0 0 0 0
103 1 0 0 0 0 0 0 0 0
105 1 0 0 0 0 0 0 0 0
106 1 0 0 0 0 0 0 0 0
108 1 0 0 1 0 0 0 0 0
109 1 1 1 0 0 0 0 0 0
110 1 0 0 0 0 0 0 0 0
111 1 0 0 0 0 0 0 0 0
112 1 0 0 0 0 0 0 0 0
113 1 0 0 0 0 0 0 0 0
114 1 0 0 0 0 0 0 0 0
115 1 0 0 0 0 0 0 0 0
117 1 0 0 0 0 0 0 0 0
118 1 0 0 0 0 0 0 0 0
119 1 0 0 0 0 0 0 0 0
120 1 0 0 0 0 0 0 0 0
121 1 0 0 0 0 0 0 0 0
122 1 0 0 0 0 0 0 0 0
123 1 0 0 0 0 0 0 0 0
124 1 0 0 0 0 0 0 0 0
125 1 0 0 0 0 0 0 0 0
126 1 0 0 0 0 0 0 0 0
129 3 1 1 0 0 0 0 0 0
133 3 0 0 0 0 0 0 0 0
134 3 0 0 0 0 0 0 0 0
135 3 0 0 3 0 0 0 0 0
136 3 0 0 0 0 0 0 0 0
138 3 0 0 3 0 0 0 0 0
fl=/build/glibc-ZN95T4/glibc-2.31/string/../sysdeps/x86_64/multiarch/../strlen.S
fn=strlen
41 18 1 1 0 0 0 0 0 0
79 18 0 0 0 0 0 0 0 0
80 18 0 0 0 0 0 0 0 0
81 18 0 0 0 0 0 0 0 0
82 18 0 0 0 0 0 0 0 0
83 18 0 0 0 0 0 0 0 0
84 18 0 0 0 0 0 0 0 0
85 18 0 0 0 0 0 0 0 0
87 18 0 0 0 0 0 0 0 0
89 18 0 0 0 0 0 0 0 0
120 18 0 0 18 2 2 0 0 0
121 18 0 0 0 0 0 0 0 0
122 18 0 0 0 0 0 0 0 0
123 18 0 0 0 0 0 0 0 0
124 18 0 0 0 0 0 0 0 0
125 9 0 0 0 0 0 0 0 0
127 9 0 0 9 0 0 0 0 0
131 9 1 1 0 0 0 0 0 0
132 9 0 0 9 0 0 0 0 0
133 9 0 0 9 1 1 0 0 0
134 9 0 0 9 0 0 0 0 0
135 9 0 0 0 0 0 0 0 0
136 9 0 0 0 0 0 0 0 0
137 9 0 0 0 0 0 0 0 0
138 9 0 0 0 0 0 0 0 0
139 9 0 0 0 0 0 0 0 0
140 9 0 0 0 0 0 0 0 0
141 9 0 0 0 0 0 0 0 0
142 9 0 0 0 0 0 0 0 0
147 66 1 1 6 0 0 0 0 0
221 3 1 1 3 0 0 0 0 0
222 3 0 0 3 0 0 0 0 0
223 3 0 0 3 0 0 0 0 0
224 3 0 0 3 0 0 0 0 0
225 3 0 0 0 0 0 0 0 0
226 3 0 0 0 0 0 0 0 0
227 3 0 0 0 0 0 0 0 0
228 3 0 0 0 0 0 0 0 0
244 3 1 1 0 0 0 0 0 0
246 3 0 0 0 0 0 0 0 0
247 42 1 1 12 0 0 0 0 0
249 3 0 0 0 0 0 0 0 0
250 3 0 0 0 0 0 0 0 0
251 3 0 0 0 0 0 0 0 0
253 3 0 0 3 0 0 0 0 0
fl=/build/glibc-ZN95T4/glibc-2.31/string/../sysdeps/x86_64/multiarch/ifunc-avx2.h
fn=memchr
30 5 0 0 0 0 0 0 0 0
32 3 0 0 2 0 0 0 0 0
fn=memrchr
30 5 1 1 0 0 0 0 0 0
32 3 0 0 2 0 0 0 0 0
fn=rawmemchr
30 5 1 1 0 0 0 0 0 0
32 3 0 0 2 0 0 0 0 0
fn=rindex
30 5 1 1 0 0 0 0 0 0
32 3 0 0 2 0 0 0 0 0
fn=strchrnul
30 5 1 1 0 0 0 0 0 0
32 3 0 0 2 0 0 0 0 0
fn=strlen
30 5 0 0 0 0 0 0 0 0
32 3 0 0 2 0 0 0 0 0
fn=strnlen
30 10 0 0 0 0 0 0 0 0
32 6 1 1 4 0 0 0 0 0
fl=/build/glibc-ZN95T4/glibc-2.31/string/../sysdeps/x86_64/multiarch/ifunc-memcmp.h
fn=bcmp
32 3 0 0 1 0 0 0 0 0
33 3 0 0 2 0 0 0 0 0
34 3 1 1 0 0 0 0 0 0
35 2 0 0 1 0 0 0 0 0
fl=/build/glibc-ZN95T4/glibc-2.31/string/../sysdeps/x86_64/multiarch/ifunc-memmove.h
fn=memcpy@@GLIBC_2.14
44 4 0 0 0 0 0 0 0 0
45 6 0 0 4 0 0 0 0 0
48 4 1 1 0 0 0 0 0 0
49 4 0 0 2 0 0 0 0 0
60 4 0 0 0 0 0 0 0 0
62 10 0 0 4 0 0 0 0 0
fn=memmove
44 6 0 0 0 0 0 0 0 0
45 9 0 0 6 1 0 0 0 0
48 6 0 0 0 0 0 0 0 0
49 6 0 0 3 0 0 0 0 0
60 6 0 0 0 0 0 0 0 0
62 15 1 1 6 1 0 0 0 0
fn=mempcpy
44 2 0 0 0 0 0 0 0 0
45 3 0 0 2 0 0 0 0 0
48 2 0 0 0 0 0 0 0 0
49 2 1 1 1 0 0 0 0 0
60 2 0 0 0 0 0 0 0 0
62 5 0 0 2 0 0 0 0 0
fl=/build/glibc-ZN95T4/glibc-2.31/string/../sysdeps/x86_64/multiarch/ifunc-memset.h
fn=memset
42 10 0 0 4 0 0 0 0 0
45 4 0 0 0 0 0 0 0 0
46 4 0 0 2 0 0 0 0 0
57 8 1 1 4 0 0 0 0 0
59 10 0 0 2 0 0 0 0 0
fl=/build/glibc-ZN95T4/glibc-2.31/string/../sysdeps/x86_64/multiarch/ifunc-sse4_2.h
fn=strcspn
30 5 1 1 2 0 0 0 0 0
fn=strpbrk
30 5 1 1 2 0 0 0 0 0
fn=strspn
30 5 1 1 2 0 0 0 0 0
fl=/build/glibc-ZN95T4/glibc-2.31/string/../sysdeps/x86_64/multiarch/ifunc-strcasecmp.h
fn=strcasecmp
32 4 1 1 2 0 0 0 0 0
fn=strcasecmp_l
32 4 0 0 2 0 0 0 0 0
fn=strncasecmp
32 4 0 0 2 0 0 0 0 0
fn=strncasecmp_l
32 4 0 0 2 0 0 0 0 0
fl=/build/glibc-ZN95T4/glibc-2.31/string/../sysdeps/x86_64/multiarch/ifunc-strcpy.h
fn=stpcpy
34 3 0 0 0 0 0 0 0 0
36 4 1 1 2 0 0 0 0 0
fn=stpncpy
34 3 0 0 0 0 0 0 0 0
36 4 0 0 2 0 0 0 0 0
fn=strcat
34 3 1 1 0 0 0 0 0 0
36 4 0 0 2 0 0 0 0 0
fn=strcpy
34 3 0 0 0 0 0 0 0 0
36 4 0 0 2 0 0 0 0 0
fn=strncpy
34 3 0 0 0 0 0 0 0 0
36 4 0 0 2 0 0 0 0 0
fl=/build/glibc-ZN95T4/glibc-2.31/string/../sysdeps/x86_64/multiarch/memchr.c
fn=memchr
29 2 1 1 1 0 0 0 0 0
fl=/build/glibc-ZN95T4/glibc-2.31/string/../sysdeps/x86_64/multiarch/memcmp.c
fn=bcmp
29 2 1 1 1 0 0 0 0 0
fl=/build/glibc-ZN95T4/glibc-2.31/string/../sysdeps/x86_64/multiarch/memcpy.c
fn=memcpy@@GLIBC_2.14
29 2 1 1 0 0 0 0 0 0
fl=/build/glibc-ZN95T4/glibc-2.31/string/../sysdeps/x86_64/multiarch/memmove-vec-unaligned-erms.S
fn=__memcpy_avx_unaligned_erms
225 11 1 1 0 0 0 0 0 0
226 11 0 0 0 0 0 0 0 0
232 11 0 0 0 0 0 0 0 0
233 11 0 0 0 0 0 0 0 0
234 11 1 1 0 0 0 0 0 0
235 11 0 0 0 0 0 0 0 0
247 11 0 0 11 11 6 0 0 0
248 11 0 0 0 0 0 0 0 0
249 11 0 0 0 0 0 0 0 0
250 11 0 0 0 0 0 0 0 0
252 1 0 0 0 0 0 0 0 0
253 1 0 0 0 0 0 0 0 0
254 1 0 0 0 0 0 0 0 0
259 1 0 0 0 0 0 0 0 0
261 10 1 1 0 0 0 0 0 0
262 560090 0 0 560080 8755 0 560080 8760 2564
264 10 0 0 10 10 0 0 0 0
334 11 1 1 0 0 0 0 0 0
335 11 0 0 0 0 0 0 0 0
436 1 1 1 1 1 0 0 0 0
437 1 0 0 1 1 0 0 0 0
438 1 0 0 1 0 0 0 0 0
439 1 0 0 1 1 0 0 0 0
440 1 0 0 1 0 0 0 0 0
442 1 0 0 0 0 0 0 0 0
445 1 0 0 0 0 0 0 0 0
446 1 0 0 0 0 0 0 0 0
447 1 0 0 0 0 0 0 0 0
448 1 0 0 0 0 0 0 0 0
450 1 0 0 0 0 0 0 0 0
452 1 0 0 0 0 0 0 0 0
454 1 0 0 0 0 0 0 0 0
457 1 1 1 1 0 0 0 0 0
458 1 0 0 0 0 0 0 0 0
462 218 0 0 218 209 0 0 0 0
463 218 0 0 218 0 0 0 0 0
464 218 0 0 218 208 0 0 0 0
465 218 0 0 218 0 0 0 0 0
466 218 0 0 0 0 0 0 0 0
467 218 0 0 0 0 0 0 0 0
468 218 0 0 0 0 0 218 0 0
469 218 0 0 0 0 0 218 0 0
470 218 0 0 0 0 0 218 0 0
471 218 0 0 0 0 0 218 0 0
472 218 1 1 0 0 0 0 0 0
473 218 0 0 0 0 0 0 0 0
474 218 0 0 0 0 0 0 0 0
476 1 0 0 0 0 0 1 0 0
477 1 0 0 0 0 0 1 0 0
478 1 0 0 0 0 0 1 0 0
479 1 0 0 0 0 0 1 0 0
481 1 0 0 0 0 0 1 0 0
482 1 0 0 0 0 0 0 0 0
483 1 0 0 1 0 0 0 0 0
fn=memcpy
127 19 1 1 0 0 0 0 0 0
128 19 0 0 0 0 0 0 0 0
134 49 0 0 0 0 0 0 0 0
135 49 0 0 0 0 0 0 0 0
136 17 1 0 0 0 0 0 0 0
137 17 0 0 0 0 0 0 0 0
142 12 0 0 12 1 0 0 0 0
143 12 0 0 12 0 0 0 0 0
144 12 0 0 0 0 0 12 3 3
145 12 0 0 0 0 0 12 1 1
150 12 0 0 12 0 0 0 0 0
280 32 1 1 0 0 0 0 0 0
281 32 0 0 0 0 0 0 0 0
282 10 0 0 0 0 0 0 0 0
283 10 0 0 0 0 0 0 0 0
284 5 0 0 0 0 0 0 0 0
285 5 0 0 0 0 0 0 0 0
286 3 0 0 0 0 0 0 0 0
287 1 0 0 1 1 1 0 0 0
288 1 0 0 0 0 0 1 1 1
290 3 0 0 3 0 0 0 0 0
312 22 0 0 22 0 0 0 0 0
313 22 0 0 22 0 0 0 0 0
314 22 0 0 0 0 0 22 3 3
315 22 0 0 0 0 0 22 0 0
316 22 0 0 22 0 0 0 0 0
319 5 0 0 5 0 0 0 0 0
320 5 0 0 5 0 0 0 0 0
321 5 0 0 0 0 0 5 0 0
322 5 0 0 0 0 0 5 0 0
323 5 0 0 5 0 0 0 0 0
326 2 1 1 2 1 1 0 0 0
327 2 0 0 2 0 0 0 0 0
328 2 0 0 0 0 0 2 1 1
329 2 0 0 0 0 0 2 0 0
330 2 0 0 2 0 0 0 0 0
340 5 0 0 0 0 0 0 0 0
341 5 0 0 0 0 0 0 0 0
342 5 0 0 0 0 0 0 0 0
343 5 0 0 0 0 0 0 0 0
345 4 0 0 4 0 0 0 0 0
346 4 0 0 4 0 0 0 0 0
347 4 0 0 4 0 0 0 0 0
348 4 0 0 4 0 0 0 0 0
349 4 0 0 4 0 0 0 0 0
350 4 1 1 4 0 0 0 0 0
351 4 0 0 4 0 0 0 0 0
352 4 0 0 4 0 0 0 0 0
353 4 0 0 0 0 0 4 1 1
354 4 0 0 0 0 0 4 0 0
355 4 0 0 0 0 0 4 0 0
356 4 0 0 0 0 0 4 2 2
357 4 0 0 0 0 0 4 1 1
358 4 0 0 0 0 0 4 0 0
359 4 0 0 0 0 0 4 0 0
360 4 0 0 0 0 0 4 0 0
362 4 0 0 4 0 0 0 0 0
365 1 0 0 1 0 0 0 0 0
366 1 0 0 1 0 0 0 0 0
367 1 0 0 1 0 0 0 0 0
368 1 1 1 1 0 0 0 0 0
369 1 0 0 0 0 0 1 0 0
370 1 0 0 0 0 0 1 0 0
371 1 0 0 0 0 0 1 0 0
372 1 0 0 0 0 0 1 0 0
374 1 0 0 1 0 0 0 0 0
fn=mempcpy
114 30 0 0 0 0 0 0 0 0
115 30 0 0 0 0 0 0 0 0
116 30 0 0 0 0 0 0 0 0
117 30 0 0 0 0 0 0 0 0
fl=/build/glibc-ZN95T4/glibc-2.31/string/../sysdeps/x86_64/multiarch/memmove.c
fn=memmove
29 3 1 1 0 0 0 0 0 0
fl=/build/glibc-ZN95T4/glibc-2.31/string/../sysdeps/x86_64/multiarch/mempcpy.c
fn=mempcpy
33 1 1 1 0 0 0 0 0 0
fl=/build/glibc-ZN95T4/glibc-2.31/string/../sysdeps/x86_64/multiarch/memrchr.c
fn=memrchr
29 2 1 1 1 0 0 0 0 0
fl=/build/glibc-ZN95T4/glibc-2.31/string/../sysdeps/x86_64/multiarch/memset-vec-unaligned-erms.S
fn=__memset_avx2_erms
147 19 0 0 0 0 0 0 0 0
148 19 0 0 0 0 0 0 0 0
149 19 0 0 0 0 0 0 0 0
150 19 0 0 0 0 0 0 0 0
151 952099 0 0 0 0 0 952080 14895 9637
152 19 0 0 0 0 0 0 0 0
153 19 0 0 19 15 0 0 0 0
fn=__memset_avx2_unaligned_erms
167 7019 1 1 0 0 0 0 0 0
168 21057 0 0 0 0 0 0 0 0
173 7019 1 1 0 0 0 0 0 0
174 7019 0 0 0 0 0 0 0 0
175 7018 0 0 0 0 0 0 0 0
176 7018 0 0 0 0 0 0 0 0
184 7018 0 0 0 0 0 0 0 0
185 7018 0 0 0 0 0 0 0 0
188 6999 0 0 0 0 0 0 0 0
189 6999 0 0 0 0 0 0 0 0
190 1 0 0 0 0 0 1 0 0
191 1 0 0 0 0 0 1 1 1
192 1 0 0 0 0 0 1 0 0
193 1 0 0 0 0 0 1 0 0
195 40 0 0 0 0 0 0 0 0
196 40 0 0 40 0 0 0 0 0
199 6998 1 1 0 0 0 0 0 0
200 6998 0 0 0 0 0 6998 3526 3526
201 6998 0 0 0 0 0 0 0 0
202 6998 0 0 0 0 0 6998 6998 6998
203 6998 0 0 0 0 0 6998 3472 3472
204 6998 0 0 0 0 0 6998 3483 3483
205 6998 0 0 0 0 0 6998 3512 3512
206 6998 0 0 0 0 0 6998 3461 3461
207 6998 0 0 0 0 0 6998 3421 3421
208 6998 0 0 0 0 0 6998 3407 3407
209 6998 0 0 0 0 0 0 0 0
210 6998 0 0 0 0 0 0 0 0
211 6998 0 0 0 0 0 0 0 0
212 6998 0 0 0 0 0 0 0 0
214 28863 0 0 0 0 0 28863 18868 18868
215 28863 0 0 0 0 0 28863 0 0
216 28863 0 0 0 0 0 28863 18954 18954
217 28863 0 0 0 0 0 28863 0 0
218 28863 0 0 0 0 0 0 0 0
219 28863 0 0 0 0 0 0 0 0
220 28863 0 0 0 0 0 0 0 0
221 6959 0 0 0 0 0 0 0 0
222 6959 0 0 6959 0 0 0 0 0
233 1 1 1 0 0 0 0 0 0
234 1 0 0 0 0 0 0 0 0
236 1 0 0 0 0 0 0 0 0
237 1 0 0 0 0 0 0 0 0
238 1 0 0 0 0 0 0 0 0
266 1 1 1 0 0 0 1 1 1
267 1 0 0 0 0 0 1 0 0
268 1 0 0 0 0 0 0 0 0
269 1 0 0 1 0 0 0 0 0
fn=memset
108 12 2 1 0 0 0 0 0 0
109 60 0 0 0 0 0 0 0 0
115 12 0 0 0 0 0 0 0 0
116 12 1 1 0 0 0 0 0 0
117 6 0 0 0 0 0 0 0 0
118 6 0 0 0 0 0 0 0 0
120 4 0 0 0 0 0 4 2 2
121 4 0 0 0 0 0 4 0 0
123 4 0 0 4 0 0 0 0 0
188 2 0 0 0 0 0 0 0 0
189 2 0 0 0 0 0 0 0 0
199 2 0 0 0 0 0 0 0 0
200 2 0 0 0 0 0 2 2 2
201 2 0 0 0 0 0 0 0 0
202 2 2 1 0 0 0 2 2 2
203 2 0 0 0 0 0 2 0 0
204 2 0 0 0 0 0 2 0 0
205 2 0 0 0 0 0 2 0 0
206 2 0 0 0 0 0 2 0 0
207 2 0 0 0 0 0 2 1 1
208 2 0 0 0 0 0 2 0 0
209 2 0 0 0 0 0 0 0 0
210 2 0 0 0 0 0 0 0 0
211 2 0 0 0 0 0 0 0 0
212 2 0 0 0 0 0 0 0 0
214 40 0 0 0 0 0 40 37 37
215 40 0 0 0 0 0 40 0 0
216 40 0 0 0 0 0 40 0 0
217 40 0 0 0 0 0 40 0 0
218 40 0 0 0 0 0 0 0 0
219 40 0 0 0 0 0 0 0 0
220 40 0 0 0 0 0 0 0 0
221 2 0 0 2 0 0 0 0 0
236 6 2 1 0 0 0 0 0 0
237 6 0 0 0 0 0 0 0 0
238 6 0 0 0 0 0 0 0 0
239 3 0 0 0 0 0 0 0 0
240 3 0 0 0 0 0 0 0 0
241 1 0 0 0 0 0 0 0 0
242 1 0 0 0 0 0 0 0 0
266 3 0 0 0 0 0 3 2 2
267 3 0 0 0 0 0 3 0 0
269 3 0 0 3 0 0 0 0 0
272 2 0 0 0 0 0 2 0 0
273 2 0 0 0 0 0 2 0 0
275 2 0 0 2 0 0 0 0 0
278 1 0 0 0 0 0 1 0 0
279 1 0 0 0 0 0 1 0 0
281 1 0 0 1 0 0 0 0 0
fl=/build/glibc-ZN95T4/glibc-2.31/string/../sysdeps/x86_64/multiarch/memset.c
fn=memset
29 2 1 1 0 0 0 0 0 0
fl=/build/glibc-ZN95T4/glibc-2.31/string/../sysdeps/x86_64/multiarch/rawmemchr.c
fn=rawmemchr
31 2 1 1 1 0 0 0 0 0
fl=/build/glibc-ZN95T4/glibc-2.31/string/../sysdeps/x86_64/multiarch/stpcpy.c
fn=stpcpy
33 2 1 1 1 0 0 0 0 0
fl=/build/glibc-ZN95T4/glibc-2.31/string/../sysdeps/x86_64/multiarch/stpncpy.c
fn=stpncpy
31 2 1 1 1 0 0 0 0 0
fl=/build/glibc-ZN95T4/glibc-2.31/string/../sysdeps/x86_64/multiarch/strcasecmp.c
fn=strcasecmp
31 2 1 1 1 0 0 0 0 0
fl=/build/glibc-ZN95T4/glibc-2.31/string/../sysdeps/x86_64/multiarch/strcasecmp_l.c
fn=strcasecmp_l
31 2 1 1 1 0 0 0 0 0
fl=/build/glibc-ZN95T4/glibc-2.31/string/../sysdeps/x86_64/multiarch/strcat.c
fn=strcat
29 2 1 1 1 0 0 0 0 0
fl=/build/glibc-ZN95T4/glibc-2.31/string/../sysdeps/x86_64/multiarch/strchr.c
fn=index
38 3 0 0 0 0 0 0 0 0
40 4 0 0 2 0 0 0 0 0
49 2 1 1 1 0 0 0 0 0
fl=/build/glibc-ZN95T4/glibc-2.31/string/../sysdeps/x86_64/multiarch/strchrnul.c
fn=strchrnul
31 2 0 0 1 0 0 0 0 0
fl=/build/glibc-ZN95T4/glibc-2.31/string/../sysdeps/x86_64/multiarch/strcmp.c
fn=strcmp
39 3 1 1 0 0 0 0 0 0
41 4 0 0 2 0 0 0 0 0
53 2 1 1 1 0 0 0 0 0
fl=/build/glibc-ZN95T4/glibc-2.31/string/../sysdeps/x86_64/multiarch/strcpy.c
fn=strcpy
29 2 1 1 1 0 0 0 0 0
fl=/build/glibc-ZN95T4/glibc-2.31/string/../sysdeps/x86_64/multiarch/strcspn.c
fn=strcspn
29 2 1 1 1 0 0 0 0 0
fl=/build/glibc-ZN95T4/glibc-2.31/string/../sysdeps/x86_64/multiarch/strlen.c
fn=strlen
29 2 1 1 1 0 0 0 0 0
fl=/build/glibc-ZN95T4/glibc-2.31/string/../sysdeps/x86_64/multiarch/strncase.c
fn=strncasecmp
31 2 2 2 1 0 0 0 0 0
fl=/build/glibc-ZN95T4/glibc-2.31/string/../sysdeps/x86_64/multiarch/strncase_l.c
fn=strncasecmp_l
31 2 1 1 1 0 0 0 0 0
fl=/build/glibc-ZN95T4/glibc-2.31/string/../sysdeps/x86_64/multiarch/strncmp.c
fn=strncmp
39 3 1 1 0 0 0 0 0 0
41 4 0 0 2 0 0 0 0 0
54 2 1 1 1 0 0 0 0 0
fl=/build/glibc-ZN95T4/glibc-2.31/string/../sysdeps/x86_64/multiarch/strncpy.c
fn=strncpy
29 2 2 2 1 0 0 0 0 0
fl=/build/glibc-ZN95T4/glibc-2.31/string/../sysdeps/x86_64/multiarch/strnlen.c
fn=strnlen
31 4 1 1 2 0 0 0 0 0
fl=/build/glibc-ZN95T4/glibc-2.31/string/../sysdeps/x86_64/multiarch/strpbrk.c
fn=strpbrk
29 2 0 0 1 0 0 0 0 0
fl=/build/glibc-ZN95T4/glibc-2.31/string/../sysdeps/x86_64/multiarch/strrchr-avx2.S
fn=__strrchr_avx2
42 1 1 1 0 0 0 0 0 0
43 1 0 0 0 0 0 0 0 0
44 1 0 0 0 0 0 0 0 0
46 1 0 0 0 0 0 0 0 0
47 1 0 0 0 0 0 0 0 0
50 1 0 0 0 0 0 0 0 0
51 1 0 0 0 0 0 0 0 0
52 1 0 0 0 0 0 0 0 0
85 1 1 1 0 0 0 0 0 0
86 1 0 0 0 0 0 0 0 0
87 1 0 0 1 1 0 0 0 0
88 1 0 0 0 0 0 0 0 0
89 1 0 0 0 0 0 0 0 0
90 1 0 0 0 0 0 0 0 0
91 1 0 0 0 0 0 0 0 0
92 1 0 0 0 0 0 0 0 0
93 1 0 0 0 0 0 0 0 0
94 1 0 0 0 0 0 0 0 0
97 1 0 0 0 0 0 0 0 0
98 1 0 0 0 0 0 0 0 0
107 1 1 1 0 0 0 0 0 0
108 1 0 0 0 0 0 0 0 0
207 1 1 1 0 0 0 0 0 0
208 1 0 0 0 0 0 0 0 0
216 1 0 0 0 0 0 0 0 0
217 1 0 0 0 0 0 0 0 0
218 1 0 0 0 0 0 0 0 0
219 1 0 0 0 0 0 0 0 0
220 1 0 0 0 0 0 0 0 0
222 1 0 0 0 0 0 0 0 0
223 1 0 0 0 0 0 0 0 0
224 1 0 0 0 0 0 0 0 0
225 1 1 1 0 0 0 0 0 0
226 1 0 0 1 0 0 0 0 0
fl=/build/glibc-ZN95T4/glibc-2.31/string/../sysdeps/x86_64/multiarch/strrchr.c
fn=rindex
28 2 0 0 1 0 0 0 0 0
fl=/build/glibc-ZN95T4/glibc-2.31/string/../sysdeps/x86_64/multiarch/strspn.c
fn=strspn
29 2 1 1 1 0 0 0 0 0
fl=/build/glibc-ZN95T4/glibc-2.31/string/../sysdeps/x86_64/strcmp.S
fn=strcmp
111 231 1 1 0 0 0 0 0 0
144 231 0 0 0 0 0 0 0 0
145 231 0 0 0 0 0 0 0 0
147 231 0 0 0 0 0 0 0 0
148 231 0 0 0 0 0 0 0 0
169 231 0 0 0 0 0 0 0 0
170 231 0 0 0 0 0 0 0 0
171 221 0 0 0 0 0 0 0 0
172 221 0 0 0 0 0 0 0 0
173 191 0 0 191 16 9 0 0 0
174 191 1 1 191 5 5 0 0 0
175 191 0 0 191 0 0 0 0 0
176 191 0 0 191 0 0 0 0 0
197 191 0 0 0 0 0 0 0 0
198 191 0 0 0 0 0 0 0 0
199 191 0 0 0 0 0 0 0 0
200 191 0 0 0 0 0 0 0 0
201 191 0 0 0 0 0 0 0 0
202 191 0 0 0 0 0 0 0 0
203 191 0 0 0 0 0 0 0 0
208 7 0 0 0 0 0 0 0 0
209 21 0 0 0 0 0 0 0 0
218 47 1 1 0 0 0 0 0 0
219 47 0 0 0 0 0 0 0 0
220 47 0 0 0 0 0 0 0 0
221 47 0 0 0 0 0 0 0 0
222 47 0 0 0 0 0 0 0 0
223 47 0 0 0 0 0 0 0 0
224 47 0 0 0 0 0 0 0 0
225 47 0 0 0 0 0 0 0 0
226 45 0 0 0 0 0 0 0 0
227 34 0 0 0 0 0 0 0 0
228 34 0 0 0 0 0 0 0 0
229 34 0 0 0 0 0 0 0 0
231 45 0 0 0 0 0 0 0 0
232 45 0 0 0 0 0 0 0 0
233 45 0 0 0 0 0 0 0 0
234 45 0 0 45 4 2 0 0 0
235 45 0 0 0 0 0 0 0 0
236 45 0 0 0 0 0 0 0 0
246 2 1 1 2 0 0 0 0 0
247 2 0 0 0 0 0 0 0 0
248 2 0 0 0 0 0 0 0 0
250 2 0 0 2 1 0 0 0 0
256 2 0 0 0 0 0 0 0 0
257 2 0 0 0 0 0 0 0 0
258 2 0 0 0 0 0 0 0 0
259 2 0 0 0 0 0 0 0 0
260 2 0 0 0 0 0 0 0 0
265 2 0 0 0 0 0 0 0 0
267 1 0 0 0 0 0 0 0 0
268 1 0 0 0 0 0 0 0 0
269 2 0 0 0 0 0 0 0 0
277 1 1 1 1 0 0 0 0 0
278 1 0 0 1 0 0 0 0 0
281 1 0 0 0 0 0 0 0 0
282 1 0 0 0 0 0 0 0 0
283 1 0 0 0 0 0 0 0 0
284 1 0 0 0 0 0 0 0 0
285 1 0 0 0 0 0 0 0 0
286 1 0 0 0 0 0 0 0 0
571 2 1 1 0 0 0 0 0 0
572 2 0 0 2 0 0 0 0 0
573 2 0 0 2 1 1 0 0 0
574 2 0 0 0 0 0 0 0 0
575 2 0 0 0 0 0 0 0 0
577 2 0 0 0 0 0 0 0 0
578 2 0 0 0 0 0 0 0 0
579 2 1 1 0 0 0 0 0 0
580 2 0 0 0 0 0 0 0 0
581 2 0 0 0 0 0 0 0 0
582 2 0 0 0 0 0 0 0 0
583 2 0 0 0 0 0 0 0 0
584 2 0 0 2 0 0 0 0 0
588 2 0 0 0 0 0 0 0 0
589 2 0 0 0 0 0 0 0 0
590 2 0 0 0 0 0 0 0 0
596 2 0 0 0 0 0 0 0 0
597 2 0 0 0 0 0 0 0 0
598 4 0 0 0 0 0 0 0 0
602 2 1 1 0 0 0 0 0 0
603 2 0 0 0 0 0 0 0 0
606 2 0 0 2 1 1 0 0 0
607 2 0 0 2 0 0 0 0 0
608 2 0 0 0 0 0 0 0 0
611 2 0 0 0 0 0 0 0 0
612 2 0 0 0 0 0 0 0 0
613 2 0 0 0 0 0 0 0 0
619 2 0 0 0 0 0 0 0 0
620 2 0 0 0 0 0 0 0 0
621 2 0 0 0 0 0 0 0 0
622 2 0 0 0 0 0 0 0 0
623 2 0 0 0 0 0 0 0 0
624 2 1 1 0 0 0 0 0 0
821 17 1 1 0 0 0 0 0 0
822 17 0 0 17 0 0 0 0 0
823 17 0 0 17 0 0 0 0 0
824 17 0 0 0 0 0 0 0 0
825 17 0 0 0 0 0 0 0 0
827 17 0 0 0 0 0 0 0 0
828 17 0 0 0 0 0 0 0 0
829 17 1 1 0 0 0 0 0 0
830 17 0 0 0 0 0 0 0 0
831 17 0 0 0 0 0 0 0 0
832 17 0 0 0 0 0 0 0 0
833 17 0 0 0 0 0 0 0 0
834 3 0 0 3 0 0 0 0 0
838 3 0 0 0 0 0 0 0 0
839 3 0 0 0 0 0 0 0 0
840 3 0 0 0 0 0 0 0 0
846 3 0 0 0 0 0 0 0 0
847 3 0 0 0 0 0 0 0 0
848 6 0 0 0 0 0 0 0 0
852 3 1 1 0 0 0 0 0 0
853 3 0 0 0 0 0 0 0 0
856 3 0 0 3 0 0 0 0 0
857 3 0 0 3 0 0 0 0 0
858 3 0 0 0 0 0 0 0 0
861 3 0 0 0 0 0 0 0 0
862 3 0 0 0 0 0 0 0 0
863 3 0 0 0 0 0 0 0 0
869 3 0 0 0 0 0 0 0 0
870 3 0 0 0 0 0 0 0 0
871 3 0 0 0 0 0 0 0 0
872 3 0 0 0 0 0 0 0 0
873 3 0 0 0 0 0 0 0 0
874 3 1 1 0 0 0 0 0 0
946 2 1 1 0 0 0 0 0 0
947 2 0 0 2 0 0 0 0 0
948 2 0 0 2 0 0 0 0 0
949 2 0 0 0 0 0 0 0 0
950 2 0 0 0 0 0 0 0 0
952 2 0 0 0 0 0 0 0 0
953 2 0 0 0 0 0 0 0 0
954 2 1 1 0 0 0 0 0 0
955 2 0 0 0 0 0 0 0 0
956 2 0 0 0 0 0 0 0 0
957 2 0 0 0 0 0 0 0 0
958 2 0 0 0 0 0 0 0 0
1196 1 1 1 0 0 0 0 0 0
1197 1 0 0 1 0 0 0 0 0
1198 1 0 0 1 1 1 0 0 0
1199 1 0 0 0 0 0 0 0 0
1200 1 0 0 0 0 0 0 0 0
1202 1 0 0 0 0 0 0 0 0
1203 1 0 0 0 0 0 0 0 0
1204 1 1 1 0 0 0 0 0 0
1205 1 0 0 0 0 0 0 0 0
1206 1 0 0 0 0 0 0 0 0
1207 1 0 0 0 0 0 0 0 0
1208 1 0 0 0 0 0 0 0 0
1209 1 0 0 1 0 0 0 0 0
1213 1 0 0 0 0 0 0 0 0
1214 1 0 0 0 0 0 0 0 0
1215 1 0 0 0 0 0 0 0 0
1221 1 0 0 0 0 0 0 0 0
1222 1 0 0 0 0 0 0 0 0
1223 2 0 0 0 0 0 0 0 0
1227 1 1 1 0 0 0 0 0 0
1228 1 0 0 0 0 0 0 0 0
1231 1 0 0 1 1 1 0 0 0
1232 1 0 0 1 0 0 0 0 0
1233 1 0 0 0 0 0 0 0 0
1236 1 0 0 0 0 0 0 0 0
1237 1 0 0 0 0 0 0 0 0
1238 1 0 0 0 0 0 0 0 0
1244 1 0 0 0 0 0 0 0 0
1245 1 0 0 0 0 0 0 0 0
1246 1 0 0 0 0 0 0 0 0
1247 1 0 0 0 0 0 0 0 0
1248 1 0 0 0 0 0 0 0 0
1249 1 1 1 0 0 0 0 0 0
1321 5 1 1 0 0 0 0 0 0
1322 5 0 0 5 3 2 0 0 0
1323 5 0 0 5 0 0 0 0 0
1324 5 0 0 0 0 0 0 0 0
1325 5 0 0 0 0 0 0 0 0
1327 5 0 0 0 0 0 0 0 0
1328 5 0 0 0 0 0 0 0 0
1329 5 1 1 0 0 0 0 0 0
1330 5 0 0 0 0 0 0 0 0
1331 5 0 0 0 0 0 0 0 0
1332 5 0 0 0 0 0 0 0 0
1333 5 0 0 0 0 0 0 0 0
1334 4 0 0 4 0 0 0 0 0
1338 4 0 0 0 0 0 0 0 0
1339 4 0 0 0 0 0 0 0 0
1340 4 0 0 0 0 0 0 0 0
1346 4 0 0 0 0 0 0 0 0
1347 4 0 0 0 0 0 0 0 0
1348 8 0 0 0 0 0 0 0 0
1352 4 1 1 0 0 0 0 0 0
1353 4 0 0 0 0 0 0 0 0
1356 4 0 0 4 1 1 0 0 0
1357 4 0 0 4 1 1 0 0 0
1358 4 0 0 0 0 0 0 0 0
1361 4 0 0 0 0 0 0 0 0
1362 4 0 0 0 0 0 0 0 0
1363 4 0 0 0 0 0 0 0 0
1369 4 0 0 0 0 0 0 0 0
1370 4 0 0 0 0 0 0 0 0
1371 4 0 0 0 0 0 0 0 0
1372 4 0 0 0 0 0 0 0 0
1373 4 0 0 0 0 0 0 0 0
1374 4 1 1 0 0 0 0 0 0
1446 1 1 1 0 0 0 0 0 0
1447 1 0 0 1 0 0 0 0 0
1448 1 0 0 1 1 1 0 0 0
1449 1 0 0 0 0 0 0 0 0
1450 1 0 0 0 0 0 0 0 0
1452 1 0 0 0 0 0 0 0 0
1453 1 0 0 0 0 0 0 0 0
1454 1 1 1 0 0 0 0 0 0
1455 1 0 0 0 0 0 0 0 0
1456 1 0 0 0 0 0 0 0 0
1457 1 0 0 0 0 0 0 0 0
1458 1 0 0 0 0 0 0 0 0
1459 1 0 0 1 0 0 0 0 0
1463 1 0 0 0 0 0 0 0 0
1464 1 0 0 0 0 0 0 0 0
1465 1 0 0 0 0 0 0 0 0
1471 1 0 0 0 0 0 0 0 0
1472 1 0 0 0 0 0 0 0 0
1473 2 0 0 0 0 0 0 0 0
1477 1 1 1 0 0 0 0 0 0
1478 1 0 0 0 0 0 0 0 0
1481 1 0 0 1 1 1 0 0 0
1482 1 0 0 1 0 0 0 0 0
1483 1 0 0 0 0 0 0 0 0
1486 1 0 0 0 0 0 0 0 0
1487 1 0 0 0 0 0 0 0 0
1488 1 0 0 0 0 0 0 0 0
1494 1 0 0 0 0 0 0 0 0
1495 1 0 0 0 0 0 0 0 0
1496 1 0 0 0 0 0 0 0 0
1497 1 0 0 0 0 0 0 0 0
1498 1 0 0 0 0 0 0 0 0
1499 1 1 1 0 0 0 0 0 0
1571 4 1 1 0 0 0 0 0 0
1572 4 0 0 4 0 0 0 0 0
1573 4 0 0 4 0 0 0 0 0
1574 4 0 0 0 0 0 0 0 0
1575 4 0 0 0 0 0 0 0 0
1577 4 0 0 0 0 0 0 0 0
1578 4 0 0 0 0 0 0 0 0
1579 4 1 1 0 0 0 0 0 0
1580 4 0 0 0 0 0 0 0 0
1581 4 0 0 0 0 0 0 0 0
1582 4 0 0 0 0 0 0 0 0
1583 4 0 0 0 0 0 0 0 0
1584 2 0 0 2 0 0 0 0 0
1588 2 0 0 0 0 0 0 0 0
1589 2 0 0 0 0 0 0 0 0
1590 2 0 0 0 0 0 0 0 0
1596 2 0 0 0 0 0 0 0 0
1597 2 0 0 0 0 0 0 0 0
1598 4 0 0 0 0 0 0 0 0
1602 2 1 1 0 0 0 0 0 0
1603 2 0 0 0 0 0 0 0 0
1606 2 0 0 2 0 0 0 0 0
1607 2 0 0 2 0 0 0 0 0
1608 2 0 0 0 0 0 0 0 0
1611 2 0 0 0 0 0 0 0 0
1612 2 0 0 0 0 0 0 0 0
1613 2 0 0 0 0 0 0 0 0
1619 2 0 0 0 0 0 0 0 0
1620 2 0 0 0 0 0 0 0 0
1621 2 0 0 0 0 0 0 0 0
1622 2 0 0 0 0 0 0 0 0
1623 2 0 0 0 0 0 0 0 0
1624 2 1 1 0 0 0 0 0 0
1696 4 1 1 0 0 0 0 0 0
1697 4 0 0 4 1 1 0 0 0
1698 4 0 0 4 1 1 0 0 0
1699 4 0 0 0 0 0 0 0 0
1700 4 0 0 0 0 0 0 0 0
1702 4 0 0 0 0 0 0 0 0
1703 4 0 0 0 0 0 0 0 0
1704 4 1 1 0 0 0 0 0 0
1705 4 0 0 0 0 0 0 0 0
1706 4 0 0 0 0 0 0 0 0
1707 4 0 0 0 0 0 0 0 0
1708 4 0 0 0 0 0 0 0 0
1709 2 0 0 2 0 0 0 0 0
1713 2 0 0 0 0 0 0 0 0
1714 2 0 0 0 0 0 0 0 0
1715 2 0 0 0 0 0 0 0 0
1721 2 0 0 0 0 0 0 0 0
1722 2 0 0 0 0 0 0 0 0
1723 4 0 0 0 0 0 0 0 0
1727 2 1 1 0 0 0 0 0 0
1728 2 0 0 0 0 0 0 0 0
1731 2 0 0 2 1 1 0 0 0
1732 2 0 0 2 0 0 0 0 0
1733 2 0 0 0 0 0 0 0 0
1736 2 0 0 0 0 0 0 0 0
1737 2 0 0 0 0 0 0 0 0
1738 2 0 0 0 0 0 0 0 0
1744 2 0 0 0 0 0 0 0 0
1745 2 0 0 0 0 0 0 0 0
1746 2 0 0 0 0 0 0 0 0
1747 2 0 0 0 0 0 0 0 0
1748 2 0 0 0 0 0 0 0 0
1749 2 1 1 0 0 0 0 0 0
1756 1 0 0 0 0 0 0 0 0
1757 1 0 0 0 0 0 0 0 0
1759 1 0 0 0 0 0 0 0 0
1760 1 0 0 0 0 0 0 0 0
1762 1 0 0 1 0 0 0 0 0
1763 1 0 0 1 1 0 0 0 0
1764 1 0 0 0 0 0 0 0 0
1767 1 0 0 0 0 0 0 0 0
1768 1 0 0 0 0 0 0 0 0
1769 1 0 0 0 0 0 0 0 0
1775 1 0 0 0 0 0 0 0 0
1776 1 0 0 0 0 0 0 0 0
1777 1 0 0 0 0 0 0 0 0
1778 1 0 0 0 0 0 0 0 0
1779 1 1 1 0 0 0 0 0 0
1780 1 0 0 0 0 0 0 0 0
1821 5 1 1 0 0 0 0 0 0
1822 5 0 0 5 0 0 0 0 0
1823 5 0 0 5 2 2 0 0 0
1824 5 0 0 0 0 0 0 0 0
1825 5 0 0 0 0 0 0 0 0
1827 5 0 0 0 0 0 0 0 0
1828 5 0 0 0 0 0 0 0 0
1829 5 1 1 0 0 0 0 0 0
1830 5 0 0 0 0 0 0 0 0
1831 5 0 0 0 0 0 0 0 0
1832 5 0 0 0 0 0 0 0 0
1833 5 0 0 0 0 0 0 0 0
1834 2 0 0 2 0 0 0 0 0
1838 2 0 0 0 0 0 0 0 0
1839 2 0 0 0 0 0 0 0 0
1840 2 0 0 0 0 0 0 0 0
1846 2 0 0 0 0 0 0 0 0
1847 2 0 0 0 0 0 0 0 0
1848 4 0 0 0 0 0 0 0 0
1852 2 1 1 0 0 0 0 0 0
1853 2 0 0 0 0 0 0 0 0
1856 2 0 0 2 1 1 0 0 0
1857 2 0 0 2 0 0 0 0 0
1858 2 0 0 0 0 0 0 0 0
1861 2 0 0 0 0 0 0 0 0
1862 2 0 0 0 0 0 0 0 0
1863 2 0 0 0 0 0 0 0 0
1869 2 0 0 0 0 0 0 0 0
1870 2 0 0 0 0 0 0 0 0
1871 2 0 0 0 0 0 0 0 0
1872 2 0 0 0 0 0 0 0 0
1873 2 0 0 0 0 0 0 0 0
1874 2 1 1 0 0 0 0 0 0
1881 1 0 0 0 0 0 0 0 0
1882 1 0 0 0 0 0 0 0 0
1884 1 0 0 0 0 0 0 0 0
1885 1 0 0 0 0 0 0 0 0
1887 1 0 0 1 0 0 0 0 0
1888 1 0 0 1 1 1 0 0 0
1889 1 0 0 0 0 0 0 0 0
1892 1 0 0 0 0 0 0 0 0
1893 1 0 0 0 0 0 0 0 0
1894 1 0 0 0 0 0 0 0 0
1900 1 0 0 0 0 0 0 0 0
1901 1 0 0 0 0 0 0 0 0
1902 1 0 0 0 0 0 0 0 0
1903 1 0 0 0 0 0 0 0 0
1904 1 1 1 0 0 0 0 0 0
1905 1 0 0 0 0 0 0 0 0
1946 1 1 1 0 0 0 0 0 0
1947 1 0 0 1 1 0 0 0 0
1948 1 0 0 1 0 0 0 0 0
1949 1 0 0 0 0 0 0 0 0
1950 1 0 0 0 0 0 0 0 0
1952 1 0 0 0 0 0 0 0 0
1953 1 0 0 0 0 0 0 0 0
1954 1 1 1 0 0 0 0 0 0
1955 1 0 0 0 0 0 0 0 0
1956 1 0 0 0 0 0 0 0 0
1957 1 0 0 0 0 0 0 0 0
1958 1 0 0 0 0 0 0 0 0
2071 3 1 1 0 0 0 0 0 0
2072 3 0 0 3 1 1 0 0 0
2073 3 0 0 3 0 0 0 0 0
2074 3 0 0 0 0 0 0 0 0
2075 3 0 0 0 0 0 0 0 0
2077 3 0 0 0 0 0 0 0 0
2078 3 0 0 0 0 0 0 0 0
2079 3 1 1 0 0 0 0 0 0
2080 3 0 0 0 0 0 0 0 0
2081 3 0 0 0 0 0 0 0 0
2082 3 0 0 0 0 0 0 0 0
2083 3 0 0 0 0 0 0 0 0
2085 2 0 0 2 0 0 0 0 0
2089 2 0 0 0 0 0 0 0 0
2090 2 0 0 0 0 0 0 0 0
2091 2 0 0 0 0 0 0 0 0
2097 2 0 0 0 0 0 0 0 0
2098 2 0 0 0 0 0 0 0 0
2100 4 0 0 0 0 0 0 0 0
2104 2 1 1 0 0 0 0 0 0
2105 2 0 0 0 0 0 0 0 0
2108 2 0 0 2 0 0 0 0 0
2109 2 0 0 2 1 1 0 0 0
2110 2 0 0 0 0 0 0 0 0
2113 2 0 0 0 0 0 0 0 0
2114 2 0 0 0 0 0 0 0 0
2115 2 0 0 0 0 0 0 0 0
2121 2 0 0 0 0 0 0 0 0
2122 2 0 0 0 0 0 0 0 0
2123 2 0 0 0 0 0 0 0 0
2124 2 0 0 0 0 0 0 0 0
2125 2 0 0 0 0 0 0 0 0
2126 2 1 1 0 0 0 0 0 0
2200 20 0 0 0 0 0 0 0 0
2202 47 1 1 0 0 0 0 0 0
2203 47 0 0 0 0 0 0 0 0
2204 47 0 0 0 0 0 0 0 0
2205 47 0 0 0 0 0 0 0 0
2206 68 0 0 0 0 0 0 0 0
2211 231 1 1 0 0 0 0 0 0
2217 231 0 0 231 0 0 0 0 0
2218 231 0 0 231 0 0 0 0 0
2226 231 0 0 0 0 0 0 0 0
2227 231 0 0 231 0 0 0 0 0
fl=/build/glibc-ZN95T4/glibc-2.31/string/../sysdeps/x86_64/strcspn.S
fn=strcspn
28 1 1 1 0 0 0 0 0 0
30 1 0 0 0 0 0 0 0 0
37 1 0 0 0 0 0 0 0 0
38 1 1 1 0 0 0 0 0 0
40 1 0 0 0 0 0 0 0 0
41 1 0 0 0 0 0 0 0 0
42 1 0 0 0 0 0 0 0 0
43 1 0 0 0 0 0 0 0 0
44 33 0 0 0 0 0 32 4 4
47 3 0 0 0 0 0 0 0 0
54 1 0 0 1 1 1 0 0 0
55 1 0 0 0 0 0 0 0 0
56 1 0 0 0 0 0 0 0 0
57 1 0 0 0 0 0 1 0 0
59 1 0 0 1 0 0 0 0 0
60 1 0 0 0 0 0 0 0 0
61 1 0 0 0 0 0 0 0 0
62 1 0 0 0 0 0 1 0 0
64 1 0 0 1 0 0 0 0 0
65 1 0 0 0 0 0 0 0 0
66 1 0 0 0 0 0 0 0 0
75 3 1 1 0 0 0 0 0 0
87 17 0 0 0 0 0 0 0 0
89 17 0 0 17 1 1 0 0 0
90 17 0 0 17 0 0 0 0 0
91 17 0 0 0 0 0 0 0 0
93 16 0 0 16 0 0 0 0 0
94 16 0 0 16 0 0 0 0 0
95 16 0 0 0 0 0 0 0 0
97 16 0 0 16 0 0 0 0 0
98 16 0 0 16 0 0 0 0 0
99 16 0 0 0 0 0 0 0 0
101 16 0 0 16 0 0 0 0 0
102 16 0 0 16 0 0 0 0 0
103 16 0 0 0 0 0 0 0 0
109 1 0 0 0 0 0 0 0 0
116 1 0 0 0 0 0 0 0 0
120 1 0 0 1 0 0 0 0 0
fl=/build/glibc-ZN95T4/glibc-2.31/string/strdup.c
fn=strdup
40 20 1 1 0 0 0 8 0 0
41 8 0 0 0 0 0 4 0 0
42 8 0 0 0 0 0 4 0 0
44 8 0 0 0 0 0 0 0 0
47 16 0 0 0 0 0 0 0 0
48 12 0 0 8 0 0 0 0 0
fl=/build/glibc-ZN95T4/glibc-2.31/time/../sysdeps/unix/sysv/linux/dl-vdso.h
fn=gettimeofday
40 2 0 0 2 1 0 0 0 0
41 2 0 0 0 0 0 0 0 0
fl=/build/glibc-ZN95T4/glibc-2.31/time/../sysdeps/unix/sysv/linux/gettimeofday.c
fn=__gettimeofday_syscall
32 2 1 1 0 0 0 0 0 0
33 4 0 0 0 0 0 0 0 0
35 8 0 0 0 0 0 0 0 0
36 2 0 0 2 0 0 0 0 0
fn=gettimeofday
41 3 2 2 1 0 0 0 0 0
fl=/build/glibc-ZN95T4/glibc-2.31/wcsmbs/../sysdeps/x86_64/multiarch/ifunc-avx2.h
fn=wcschr
30 10 0 0 0 0 0 0 0 0
32 6 0 0 4 0 0 0 0 0
fn=wcscmp
30 6 1 1 1 0 0 0 0 0
32 3 0 0 2 0 0 0 0 0
fn=wcslen
30 5 0 0 0 0 0 0 0 0
32 3 1 1 2 0 0 0 0 0
fn=wmemchr
30 10 1 1 0 0 0 0 0 0
32 6 0 0 4 0 0 0 0 0
fl=/build/glibc-ZN95T4/glibc-2.31/wcsmbs/../sysdeps/x86_64/multiarch/ifunc-memcmp.h
fn=wmemcmp
32 3 1 1 1 0 0 0 0 0
33 3 0 0 2 0 0 0 0 0
34 3 0 0 0 0 0 0 0 0
35 2 0 0 1 0 0 0 0 0
fl=/build/glibc-ZN95T4/glibc-2.31/wcsmbs/../sysdeps/x86_64/multiarch/ifunc-wmemset.h
fn=wmemset
30 6 0 0 0 0 0 0 0 0
32 10 1 1 4 0 0 0 0 0
34 8 1 1 0 0 0 0 0 0
35 4 0 0 0 0 0 0 0 0
fl=/build/glibc-ZN95T4/glibc-2.31/wcsmbs/../sysdeps/x86_64/multiarch/wcschr.c
fn=wcschr
31 4 1 1 2 0 0 0 0 0
fl=/build/glibc-ZN95T4/glibc-2.31/wcsmbs/../sysdeps/x86_64/multiarch/wcscmp.c
fn=wcscmp
30 1 1 1 0 0 0 0 0 0
fl=/build/glibc-ZN95T4/glibc-2.31/wcsmbs/../sysdeps/x86_64/multiarch/wcscpy.c
fn=wcscpy
37 5 1 1 2 0 0 0 0 0
43 2 0 0 1 0 0 0 0 0
fl=/build/glibc-ZN95T4/glibc-2.31/wcsmbs/../sysdeps/x86_64/multiarch/wcslen.c
fn=wcslen
29 2 1 1 1 0 0 0 0 0
fl=/build/glibc-ZN95T4/glibc-2.31/wcsmbs/../sysdeps/x86_64/multiarch/wcsnlen.c
fn=wcsnlen
38 3 1 1 0 0 0 0 0 0
40 4 0 0 2 0 0 0 0 0
49 2 1 1 1 0 0 0 0 0
fl=/build/glibc-ZN95T4/glibc-2.31/wcsmbs/../sysdeps/x86_64/multiarch/wmemchr.c
fn=wmemchr
31 4 1 1 2 0 0 0 0 0
fl=/build/glibc-ZN95T4/glibc-2.31/wcsmbs/../sysdeps/x86_64/multiarch/wmemcmp.c
fn=wmemcmp
29 2 0 0 1 0 0 0 0 0
fl=/build/glibc-ZN95T4/glibc-2.31/wcsmbs/../sysdeps/x86_64/multiarch/wmemset.c
fn=wmemset
31 6 1 1 2 0 0 0 0 0
fl=???
fn=???
0 14242 19 18 7095 30 8 3 1 1
fn=__libc_csu_init
0 34 3 3 8 0 0 8 0 0
fn=_start
0 12 2 2 2 0 0 3 0 0
fn=conj_grad.constprop.0
0 404810085 18 18 168091489 40135677 3209754 1832708 94018 911
fn=main
0 47479703 67 67 10091347 1104376 239334 7878501 480774 245580
fn=randlc
0 5893605 4 4 785814 1 1 130969 0 0
fn=timer_clear
0 5 1 1 1 0 0 1 1 1
fn=timer_start
0 18 2 2 6 1 1 4 2 1
fn=wtime_
0 31 2 2 9 1 1 5 1 0
summary: 460273384 1010 1000 179583359 41250832 3450407 11540445 668151 328372
